162
6;3;3;3
73;81;99;112;54;-60;-60;-1;49;-51;83;93;8;93;-33;-19;23;-48;40;-126;-84;-56;-63;13;-38;-127;-73;-99;116;-10;33;25;72;-60;-13;-118;1;15;-82;88;-80;92;-106;-98;-72;-127;-79;59;-5;32;-20;116;116;10;79;-35;46;69;-50;26;13;-2;-14;-12;-34;-67;18;3;-42;-18;-127;-43;-4;-7;-57;-25;-43;-9;-83;33;-77;-46;-119;25;4;-37;-56;-29;76;98;46;12;-39;27;-67;-127;82;-89;-98;31;78;-88;-18;13;52;-44;-78;5;103;-34;-119;-6;-73;-127;-67;-94;-40;-123;-27;-56;31;25;-120;-89;-96;-80;-116;-77;-39;95;-62;-83;109;57;67;1;-12;70;-94;95;-43;-2;28;-3;7;10;-70;83;127;95;-58;124;-31;-22;-87;-5;18;114;-48;64;-2;123;
6
-87;90;48;64;34;-2843;
6;
0.0018483251;0.002575282;0.0042736367;0.002971461;0.0024511064;0.0013988818;
1.0;
-128;
0.9051816;
-128;
864
16;3;3;6
31;-8;8;-15;14;28;23;50;-25;11;-29;46;18;-20;-14;-9;-29;4;-8;27;-57;44;-6;-22;-25;-14;-74;-60;28;-40;-15;-20;-127;-14;25;3;24;25;27;-16;33;-21;-25;33;-43;-32;-58;-25;-9;3;8;-57;-32;-51;-13;-31;10;21;-3;-45;-127;52;77;-26;18;-78;-85;-26;-79;-5;-24;-40;-45;-28;1;65;89;23;-35;-84;-50;9;-73;7;23;101;26;35;-10;34;-20;16;21;-30;21;-37;2;-46;43;-35;-71;-14;20;-6;-15;6;-14;-35;44;-57;61;-127;1;-61;1;41;22;-8;-49;-46;21;-15;41;-58;72;-94;15;24;30;15;-26;3;-9;-97;47;-31;-4;26;34;-81;-24;1;53;35;49;60;-34;-26;-8;39;1;8;-95;47;-56;-43;0;-38;8;0;28;-49;-17;-14;-37;-38;-55;-48;2;-14;4;28;-8;-11;7;27;2;-15;7;62;0;-12;-16;-42;-35;-55;-51;-77;-29;15;32;6;25;-6;-55;-8;-23;46;-8;-53;127;19;-17;-20;-1;-78;109;7;23;-9;-24;-4;-16;39;16;39;-5;-44;-68;-40;-14;88;68;-10;24;-107;17;-31;-50;12;-16;-12;60;-27;51;-30;-83;51;-14;33;-5;-127;-50;-53;-26;-56;-77;73;58;-115;-13;-6;13;37;-33;20;-88;-27;-10;61;65;34;-41;-65;-16;0;7;-65;16;47;-76;0;39;-41;69;-1;-86;-34;-34;40;51;34;46;-91;-25;-41;-51;-37;64;-3;56;-4;69;55;-59;-31;-81;-17;47;21;2;52;44;-5;-48;-127;29;-6;13;47;95;25;-45;0;-84;13;39;46;21;38;45;66;-9;1;46;98;39;27;1;-10;25;18;-10;7;26;18;13;58;25;44;66;5;-36;56;99;20;6;-73;3;9;96;-1;22;15;36;-26;30;-36;16;-2;-27;-26;-127;-60;-91;-51;-35;14;-4;-13;7;-37;-99;-5;-58;-38;-28;-64;-29;-114;-24;-25;-69;-122;51;60;22;-61;-22;-53;43;57;36;-53;-31;-11;-34;-101;35;1;46;14;-41;55;18;4;22;-71;-71;17;-80;1;101;18;37;-42;-42;24;-77;-45;11;-11;15;-61;-2;-40;6;-28;-51;-49;84;127;38;-23;41;26;-24;67;-62;-127;21;-28;11;-17;23;-42;-14;-7;-45;-20;-10;-27;-1;4;-21;67;-1;-65;-57;12;-37;-16;-18;7;-34;-15;-26;-30;17;-12;-20;-32;18;35;-32;-57;-40;-5;-33;-36;4;34;-1;8;-29;-43;-37;-15;-36;-49;-127;54;-63;-62;36;-4;-58;66;22;-21;-88;-27;-23;37;-50;-37;54;-16;-85;60;18;38;14;58;-63;14;-7;-8;-53;97;-62;4;51;9;21;2;-7;-22;-14;-5;-2;2;-54;-105;28;64;81;-7;-3;-103;51;-62;103;-89;-51;113;43;-6;85;54;-7;102;1;-31;-72;32;16;29;-88;-76;-83;44;-18;-49;5;-14;6;-33;-25;34;-35;27;-3;-30;-51;31;-25;-110;58;109;47;-124;-34;-60;-74;49;35;-127;31;-54;-34;73;-60;-12;4;-127;-76;18;-25;-22;51;9;18;2;89;41;-12;-73;47;-67;82;68;-54;-5;-79;17;-35;-56;-26;51;15;-22;-59;-69;23;25;-13;-112;-24;-4;-23;7;-62;-69;38;101;-16;-23;-21;-58;-74;-6;-42;29;50;35;-69;-47;15;22;-42;9;-25;21;-19;-60;40;-46;17;10;-3;47;-105;-30;-6;-26;33;12;127;-68;-73;30;-44;-65;50;-81;-13;-33;-50;13;-59;21;-23;5;-22;-75;5;46;-36;-39;-32;-102;-66;6;41;-39;21;75;-2;-60;4;3;43;-2;29;-39;-21;-33;21;29;33;0;-10;-17;-69;5;-32;12;-30;-72;-24;5;1;59;-38;-41;-56;-1;59;-2;2;16;-12;-4;-40;-10;28;-38;-23;-28;-41;13;-60;94;16;-42;-6;-15;-127;8;28;-9;-56;-39;7;-22;-54;-23;-28;-32;51;65;30;54;92;72;-12;27;-69;-50;18;52;35;-95;15;-10;104;-92;29;30;-127;-126;-10;-46;-92;19;-83;-36;-37;44;28;-25;12;16;57;29;46;-60;-39;-19;36;-60;47;-1;-29;-42;-20;-72;24;55;1;-38;-24;-32;-9;106;-17;-127;-90;-26;7;74;75;20;33;-43;25;-27;29;-16;59;48;29;-9;17;-29;-31;-20;10;-98;-21;-25;35;-17;-9;-47;-12;13;33;80;-3;-9;-28;-5;34;47;17;-37;-24;-17;-32;-30;-101;46;
16
40;-75;184;26;113;-29;-35;160;71;-316;-178;41;-177;153;-127;-96;
16;
0.0056821513;0.0031809546;0.0041520223;0.0038171678;0.0032978484;0.002597352;0.004500041;0.0031520436;0.0047616605;0.002644201;0.002514051;0.0033697966;0.0040671695;0.0048878407;0.0028588222;0.0030669728;
0.9051816;
-128;
0.3773871;
-128;
4608
32;3;3;16
-30;30;24;69;-47;-66;-48;5;-44;-20;55;100;-45;-7;-12;-31;-16;8;-28;3;-29;68;-34;73;15;-12;22;-66;14;29;62;-19;23;1;-7;-57;58;38;-48;-75;76;-33;-127;52;10;55;13;-14;12;-12;13;29;46;15;-57;-63;-3;-5;-22;43;28;-76;-15;-27;-5;-2;3;26;-7;-19;-18;-18;-75;-3;62;20;23;-109;17;-19;-63;-43;-54;-3;-7;20;19;-76;-12;-12;3;-1;14;-45;28;-41;-60;61;27;-7;-17;12;66;-40;41;12;-49;10;-30;21;-1;-19;-75;-10;-20;8;-69;-29;-83;-22;-32;-29;10;16;-51;3;-16;-50;-24;-16;-47;21;-92;-20;-13;-10;-62;-20;16;15;-8;-22;-2;4;15;-27;-50;-20;57;-27;15;14;2;4;1;-33;21;17;0;14;-17;-17;9;-3;-30;-26;-42;-10;-56;-36;-56;-35;13;10;-2;-19;-83;0;-35;9;-16;-29;-16;-42;29;42;7;6;-18;-51;-19;-44;36;-29;16;-40;10;39;23;-27;6;-60;-38;-4;-26;127;6;-58;-31;-59;47;-51;-61;-1;6;77;13;-70;-98;34;-22;38;-71;-66;47;34;-49;30;-40;-11;44;-25;-37;-68;-42;-14;8;-43;16;4;36;10;-54;38;33;33;-18;-14;26;-10;-14;-73;-4;5;28;4;27;41;14;-74;39;24;36;14;69;9;-54;-4;23;43;23;2;15;-34;38;6;-38;-9;-17;1;-58;-13;-47;-30;4;18;16;-50;-85;28;32;-76;19;47;7;115;43;-30;-84;-118;18;0;59;-62;-15;49;2;-2;-17;-19;-23;-107;18;-31;-24;52;-16;-68;-29;7;16;-38;56;57;-53;0;-4;-63;-55;27;5;26;-33;34;-42;-22;-3;2;-4;-10;-26;-38;89;42;-41;45;4;53;13;12;17;-25;-24;-18;-31;-67;-30;-22;47;-65;-21;-57;-94;-42;-28;-19;9;-47;-19;7;56;3;-55;27;33;74;32;-29;-110;44;-19;20;9;33;57;-31;-18;16;24;-31;-28;61;81;94;32;10;-47;119;-53;-3;-70;-89;-19;15;-32;-72;-73;43;-37;-51;28;-85;32;29;33;-33;9;-24;2;44;-109;52;-91;8;5;-92;-127;-18;13;-68;24;-9;24;-4;25;14;-38;-14;127;6;-42;-32;39;-8;34;6;-3;-75;49;47;57;12;-56;5;-18;-10;-68;-14;-69;-38;41;-10;20;-110;-53;14;-4;6;-19;76;-53;-10;46;48;-69;-41;17;-30;-65;50;45;-63;-110;10;-9;16;-27;-39;50;53;-17;-45;-49;-100;-45;-21;-30;-91;-104;-76;2;-49;-52;-57;-35;28;57;37;-16;-24;13;-50;9;31;-119;-27;-49;10;-5;-88;-45;-46;-34;-43;15;-37;59;-2;-1;-4;-14;-12;4;62;-45;-92;86;-29;-88;-4;15;-6;32;15;-113;28;-27;-70;-69;2;-85;-35;-13;-7;57;127;2;100;3;3;-3;-41;11;15;-78;-38;-114;-40;-47;12;89;79;36;92;18;25;-46;3;-33;8;-33;29;-40;-72;13;-19;-27;-11;9;-81;22;19;-21;-13;-88;-16;55;-3;-99;-25;33;-1;-20;-28;-21;-127;-6;-25;-41;10;22;-8;22;49;29;-22;43;-38;-13;-25;20;-108;53;-70;15;34;28;-1;45;6;16;4;6;67;-38;-68;-8;30;-10;27;-53;-5;49;-14;43;15;-11;-61;34;6;-64;-53;25;-28;-27;26;-1;8;14;13;-15;4;-11;2;43;-23;18;-6;-14;-51;25;-4;25;-14;76;3;49;-23;-33;2;24;6;-13;-42;11;-10;-11;-22;-37;19;41;-38;7;-16;-6;14;16;40;-7;-32;-26;-15;-25;19;9;-16;-4;25;28;-58;12;14;-13;-5;-10;-22;-5;-28;9;21;34;8;13;-8;-23;30;33;16;86;-18;-59;-52;27;15;-29;-22;-79;22;41;7;21;-14;-7;-16;69;-5;-38;37;48;-7;-36;-26;-24;39;71;76;-53;-64;-29;-50;-45;7;45;29;-22;-34;25;-42;-24;-29;3;-19;-49;18;34;-37;-40;-53;10;6;-43;-37;24;-6;66;-51;-32;-37;-50;63;61;5;-31;-59;-59;39;-4;2;30;-57;-12;-98;-42;19;6;22;43;29;-59;-13;27;127;-21;-7;-42;-66;-43;30;40;41;-5;6;0;-14;37;29;-14;1;26;41;-4;4;46;-15;24;-12;-84;-33;-14;-10;-81;38;16;-69;-4;66;46;-18;10;0;46;-70;33;7;-1;13;11;-28;-20;-31;0;23;59;30;-11;-78;-66;38;44;-11;68;-79;43;-19;-40;-44;12;-127;8;29;-36;-8;-39;29;26;-67;34;26;4;-85;-41;-57;-19;-127;-50;-22;8;9;-47;30;-29;4;39;10;-53;-50;-83;-17;14;28;16;-9;-22;-55;-18;3;-62;24;6;11;23;-61;-72;7;-42;-84;11;-50;-89;-41;-100;37;39;-24;5;31;-20;-70;-36;17;-9;-96;-13;-47;33;-3;-15;39;-16;11;77;-65;-26;27;6;12;22;28;-30;-46;17;5;89;9;-40;26;-27;25;9;20;3;8;-2;61;28;-1;3;-5;3;5;-8;-2;-34;7;-3;-11;-56;49;-29;25;2;-46;-11;15;-7;-7;-18;24;-21;-79;-2;44;26;16;-28;10;11;10;-43;1;23;-53;-127;-66;68;27;-70;16;-23;-86;25;-30;18;-73;35;34;-7;-10;-46;22;13;-23;-22;-1;-37;-8;-6;52;-12;-50;-3;14;32;10;-80;-8;-37;71;-16;-15;-21;2;-64;14;0;-9;-27;3;28;18;-46;13;5;-20;-57;12;29;81;21;-69;-19;-13;30;31;-45;37;-38;-8;-15;-25;-38;-26;38;8;-2;-7;74;5;-59;13;-2;20;-27;2;-38;46;-36;-44;-13;32;-5;16;-5;-8;-49;-40;-14;-60;36;77;14;99;114;13;-48;31;12;34;29;-29;33;-19;-40;6;33;-51;-26;-57;6;-22;3;-16;-9;-29;-21;16;-3;-1;-57;14;-17;-6;16;73;26;-31;-16;-5;-32;-38;-13;-48;-3;40;22;13;1;-47;25;-14;54;12;1;1;-1;17;-39;30;-19;17;-10;5;52;-6;0;-62;16;21;-23;-61;25;-29;2;-20;-50;6;-16;6;19;12;-31;-7;28;-8;-24;-19;14;-31;-1;-9;-32;13;-70;-38;-91;60;-4;57;5;-106;-93;-5;-16;-26;21;-44;30;-65;-16;-2;-44;2;0;-31;1;-35;10;101;30;73;-71;-12;-4;9;65;44;2;-34;-52;105;8;-15;-12;16;7;-26;-68;34;10;-5;-36;14;7;-28;-127;-6;-50;42;89;-27;-5;-51;40;18;-28;-17;-41;-7;-6;46;-54;5;49;-51;-53;-72;-10;-25;66;-41;-30;6;-28;35;25;15;109;5;76;-42;-61;-12;-11;89;7;-31;79;-24;11;44;-8;-32;76;39;-73;-64;-64;-27;2;22;-69;-8;35;16;74;-42;24;-10;42;-49;-8;-1;-92;-74;10;62;18;-109;-111;47;74;-127;-29;46;71;19;70;-36;1;-88;30;-1;29;-45;21;21;13;-29;-30;-1;33;-40;24;27;16;-27;-7;12;-40;41;14;-13;-19;12;22;-3;-14;-42;31;14;-25;2;36;-51;7;14;1;-20;-20;-33;41;-13;4;21;-15;-27;-18;-50;48;19;90;-19;-14;-22;-39;-31;-23;-60;-12;-35;-14;6;42;-36;-18;-84;-28;28;-5;-30;-57;-67;16;-7;-53;-92;6;-38;-2;55;-21;55;-52;18;-7;-7;59;27;-25;-56;-28;-46;-42;13;94;68;14;-11;-39;-74;-43;5;20;57;-46;-38;-1;-32;-81;-71;-42;-36;-1;-12;-9;-100;-31;44;41;14;-54;38;-41;46;30;-33;-43;-17;26;-62;51;-64;-16;17;13;-15;37;48;3;-127;86;-20;-71;-55;3;25;29;-19;-102;9;23;14;-30;-23;-73;-54;-98;-47;-102;8;-43;-82;-10;-53;-20;-23;14;-6;23;-11;69;-62;9;-18;3;-59;31;-102;-26;4;-35;-5;-102;35;-1;33;-92;28;33;14;-22;-20;1;15;31;-69;32;-22;-50;21;-118;-45;-104;-71;-50;-23;-16;64;-33;44;2;-20;23;-9;-31;-72;75;-20;14;-30;-16;11;82;-17;4;-2;-1;-27;44;42;-59;-10;41;-6;56;34;10;59;-51;30;24;-110;-8;14;-49;-77;-56;-40;10;-33;-52;62;-69;-8;24;45;-9;-89;-5;27;-39;-6;-47;18;83;-64;-63;86;21;-90;-127;13;40;-32;7;65;-21;37;-47;72;-45;14;-49;3;-109;-84;-22;-3;-3;-27;20;-91;6;0;-16;38;-86;-71;-3;12;-91;-13;-59;-19;-63;-52;-19;-22;4;27;34;-86;-42;-12;-36;-86;56;-26;-125;-62;49;28;-13;-7;47;12;40;52;32;-31;-82;-29;-29;-36;63;-21;-28;-70;-15;-14;0;44;-9;23;80;-3;21;-34;-32;-85;5;29;37;-35;-37;-15;-60;24;-30;-32;-1;19;-25;-19;97;-36;-48;-28;-4;-34;43;-45;-14;-46;44;55;-52;40;-9;49;-3;52;17;32;9;76;33;37;-47;-10;-28;-11;6;-14;-41;-82;-51;-17;-53;-3;-17;15;16;-28;-59;-12;-30;-47;-38;-89;12;-35;-56;-25;23;-28;-29;-5;-49;-40;-19;-31;-13;-23;5;-64;7;23;-78;-74;-58;-89;-36;-25;-43;-44;-5;25;-16;-36;49;-72;16;60;-30;-29;-15;-20;-46;27;29;-39;-49;22;-59;-2;-13;-85;49;30;-127;-64;-6;-67;-12;-4;8;-44;18;5;-8;8;14;-28;26;-32;-24;-19;-47;-67;-27;32;-3;-116;-20;-61;-6;60;-38;52;-50;100;-26;-79;-123;-2;-70;-29;-55;-5;-27;-66;-22;16;-74;-70;-30;-13;-39;-38;-81;55;-45;-65;-112;31;47;17;-50;-31;-56;-59;-13;-75;-10;29;1;80;-34;-62;-3;46;36;-39;22;16;35;-54;-65;28;-67;-32;-16;43;-19;-8;-50;7;-39;51;14;13;10;-10;-44;5;1;-38;0;4;21;-23;0;61;-23;6;-12;30;0;6;-61;16;-2;-63;12;43;7;24;46;71;-18;-15;-35;12;12;47;-37;30;20;24;-54;-35;-27;-31;-12;-65;6;-52;-61;-2;-53;13;-20;-8;-11;-21;-10;-45;24;-39;23;-46;-38;-34;-1;16;-21;20;64;-36;12;-28;-8;8;22;44;-2;-127;5;15;12;-34;-5;-26;-12;-55;41;-10;10;-17;34;36;29;24;-44;4;37;11;-56;-17;3;-23;-2;14;5;1;2;-114;-15;-25;26;2;14;-29;5;23;-27;-12;40;22;-16;-23;-28;-20;-14;-19;-30;42;-24;-47;-12;-5;8;-73;5;-21;34;63;-18;-8;-27;-27;-44;21;42;-3;-87;-42;-13;-19;-127;-17;-3;4;-39;-27;-15;-47;25;-10;7;50;-65;-45;35;42;-123;-22;-6;-17;-31;-41;-4;-97;36;21;34;-27;42;-24;-40;52;6;32;42;-16;7;17;8;78;-14;19;0;32;-19;-52;-75;48;-100;-35;-101;-8;-62;-83;1;6;-52;5;-14;30;-31;19;-51;-64;-24;-29;-5;54;13;17;15;-40;-34;-24;27;53;-57;-59;-20;-81;-85;-78;-125;-24;-75;-63;10;-27;21;-8;86;25;70;-10;59;-59;4;18;-40;0;21;17;-79;5;-19;34;-23;-81;103;71;11;24;98;16;-35;-21;58;29;29;9;-34;-33;-12;25;25;-44;0;-26;-34;-24;-86;-75;-8;49;-11;43;-34;20;-37;3;8;47;-101;29;26;32;-106;15;-1;5;-52;-50;-51;12;7;-70;1;-5;-70;40;26;44;25;-21;29;6;-13;42;-28;-10;-66;14;-78;19;-62;-14;23;21;-107;-58;-6;-40;-12;-52;-17;-10;18;-108;-62;40;-69;-33;-23;0;14;-5;12;-127;17;45;6;-7;-19;-43;3;-36;-24;10;-20;2;45;47;-31;-41;-39;23;-20;-39;16;-17;28;-4;49;-4;40;36;15;-29;29;-27;36;28;-34;-29;19;-49;-23;-31;-63;-18;37;1;6;18;66;-29;34;-17;16;-41;-13;-66;-46;43;18;81;-34;-72;0;19;-49;-100;57;-10;40;39;62;2;18;34;-22;-5;21;7;-30;-6;11;15;7;-43;15;-26;9;-21;-5;-20;-4;-6;37;-4;-20;11;4;1;-10;9;-57;-62;-71;4;67;-18;-25;78;71;1;37;-13;34;-65;43;0;-51;17;1;6;12;10;-25;36;37;21;11;4;42;11;-23;46;-43;-6;-23;-59;-5;-18;-47;-8;9;-27;-42;-2;36;-13;14;-12;-100;-16;-26;8;-65;-20;16;-36;-8;9;29;34;3;-3;-22;-49;-113;6;1;22;-2;-5;-44;84;-1;-23;-45;-9;3;92;21;30;-36;23;46;14;-17;25;-36;39;-55;-9;-75;-22;-24;93;27;-10;-93;-20;48;-44;-64;-10;3;-4;-127;-64;-61;18;-3;7;-8;36;-40;19;49;7;-53;-27;8;32;-18;38;29;-15;15;-10;-34;7;-25;-41;-56;-7;-50;-91;17;-40;-108;66;36;-4;23;-13;-11;-14;-9;-6;-18;-6;-30;1;4;-37;-32;-9;15;-83;-14;-105;25;1;-35;-9;-5;-3;24;15;-35;-8;-1;5;10;8;-20;-58;-8;16;-51;-65;-26;-12;-32;-22;-11;86;-2;12;33;34;-27;-83;-23;-44;10;31;-27;74;-61;-4;3;-29;-30;-55;10;-19;-27;-4;74;-18;-69;-27;-4;11;64;-12;-29;29;3;13;15;-41;-29;77;-10;19;-20;-6;-11;-45;8;-20;-76;41;0;-46;-35;7;-31;5;18;-5;-38;-26;-33;53;-18;27;-62;-1;-21;9;61;61;42;127;-32;-23;-45;-36;-15;14;76;8;-23;-12;-32;-8;35;24;-15;-12;5;55;-44;-71;-126;36;12;-31;33;106;-75;-96;-26;-6;-4;-103;-39;-11;13;-61;-113;60;-127;9;59;-62;3;68;-76;28;-5;-12;35;-32;-23;34;45;1;-3;-2;-14;58;-26;-1;8;2;-24;-24;3;-24;-76;-26;-11;1;-9;-40;3;-1;-71;-60;-10;-79;-36;-64;-20;-36;-7;-14;-67;0;-4;-11;-38;-35;25;-31;-30;-41;31;-7;58;-12;43;8;19;-29;10;28;-40;53;23;20;19;42;-9;-101;0;19;7;3;-1;12;-23;-72;-126;44;-74;-83;34;-63;5;-1;-36;-15;-90;-44;19;58;-28;21;-78;-14;-20;52;-49;13;6;-27;5;-70;14;-6;-28;-127;-36;24;23;-69;-42;-37;-38;-29;-44;19;6;-30;21;26;48;-15;-45;-17;-20;36;-73;-63;-9;4;-3;11;12;-7;-41;26;40;36;-103;-54;22;54;-85;-68;-58;-23;-21;48;9;-25;-20;12;4;-32;-29;-13;20;-23;-41;4;28;11;5;-29;27;19;10;11;-4;15;-41;-3;-5;-15;-29;2;4;-18;-32;2;21;6;20;12;23;-6;-2;-25;18;-19;9;19;9;12;2;15;-9;17;-52;-21;78;12;10;12;-60;60;19;-8;7;48;16;-21;17;-33;-13;-1;33;0;-38;12;-43;-79;-50;6;30;25;-17;24;12;-5;2;2;28;-38;6;-19;-14;-20;21;14;0;17;8;35;-45;47;-6;-1;10;-10;-25;11;20;6;18;43;42;4;8;29;8;35;24;6;14;-46;-21;4;-35;-23;17;11;18;-25;-15;4;10;13;-11;-29;10;-21;15;-9;-25;-31;-28;-46;-20;9;0;-9;16;17;15;-15;-29;-13;-2;-36;-9;-10;8;0;32;-6;63;-5;-16;8;19;-2;6;-25;-12;-40;-40;-12;5;-36;8;-14;39;-18;-18;2;5;-14;-24;-24;12;0;-15;16;4;-8;-16;11;-7;-32;5;-6;-95;8;7;-26;-15;16;16;-41;-37;-34;-21;8;-19;41;-6;-81;-127;6;-1;-8;-88;-2;-20;-24;-37;-8;-7;36;-29;9;-31;-24;-58;30;-29;38;6;-25;-24;25;-58;10;47;21;-27;-35;-36;7;-14;-34;-91;-40;-32;24;-3;-46;26;-17;-57;9;-66;-44;16;8;-1;-87;-24;-50;-28;-7;-19;34;-4;-23;6;32;-43;77;12;-12;38;-93;-125;-75;26;-3;4;-10;-46;-32;45;77;-30;-77;11;9;-91;-12;-69;23;47;26;-46;-127;10;-31;-57;-107;0;1;14;-39;-77;38;33;-4;23;4;20;-13;76;-10;-73;0;46;51;1;-3;-18;-22;49;-46;-47;-31;51;4;66;5;20;-23;-29;-13;6;33;-69;-15;2;15;50;21;-14;-16;-21;-34;-44;-9;14;-64;38;14;-58;-12;19;8;-22;63;-29;-37;20;-67;-113;17;-3;77;23;-26;8;9;50;6;7;-56;60;1;2;-9;43;-1;28;-52;-14;17;-4;-116;13;-32;-55;-121;35;16;-32;-63;18;8;-1;-84;-7;8;-20;-57;-39;30;-76;-24;-45;24;-62;16;-19;25;-59;-18;-18;-83;40;-28;-25;42;2;85;4;-15;37;-4;94;-10;-18;25;86;3;-41;-67;-57;-14;-98;-30;4;9;5;-48;-55;15;-14;-21;-33;-56;-18;-103;-74;-13;17;-78;-22;-1;-1;-16;-18;-47;39;-43;-47;-23;-50;-22;-28;14;12;-39;-45;-127;-57;2;88;61;18;-77;30;-4;48;-9;-81;2;-44;26;44;-33;-24;-61;-56;30;8;61;36;-64;-58;29;-15;-17;10;48;-11;-21;1;-41;-56;-25;5;-21;-18;-38;40;33;-61;30;30;-10;-30;-27;-94;-3;49;52;9;52;-46;-73;-61;-10;-27;74;0;-39;-38;-15;-17;-89;-54;-4;-1;30;-13;-53;-83;-28;-50;-55;-127;-57;-40;-85;-96;19;-36;30;18;-61;45;-91;-59;-15;-74;-25;2;38;-42;-40;30;29;-13;-32;2;16;43;-46;-89;-42;-12;13;9;27;-83;-63;28;6;-37;34;0;35;-56;13;-33;-43;-17;-65;-7;-30;-73;-59;-33;25;20;51;28;-63;14;118;-30;-22;14;-15;-80;9;-113;-110;-14;-23;-6;77;3;46;18;42;-32;-4;-55;1;-75;28;12;79;6;-31;6;-20;27;-44;66;-8;17;-2;-85;-24;-61;-35;10;-38;-43;42;-18;-19;-14;-86;-16;46;23;44;114;33;-26;53;45;17;-38;22;-10;-3;-8;84;-13;-41;-63;7;-48;7;-61;39;-127;32;64;-18;-11;67;-21;-19;-70;9;52;-41;23;10;-34;-1;-107;-9;-57;-72;-8;34;50;-89;53;-20;36;-33;-17;-28;0;15;-20;-44;4;-8;51;60;-14;-78;-3;21;1;23;26;-28;39;40;25;-25;82;18;-45;-56;18;18;18;-11;-24;-21;39;6;-10;-2;-24;-90;17;-24;-17;-78;-1;48;6;-28;-21;21;-47;-46;12;-4;-48;10;-35;6;-26;-29;-14;-27;33;-1;-66;-63;41;-42;-11;70;-26;17;64;33;-36;-4;6;-35;15;25;-19;-15;-43;83;10;-16;-44;9;22;8;-100;-28;-22;56;-13;-43;36;-40;21;23;-1;6;71;65;-32;-17;-40;-9;-2;18;11;-56;9;12;-10;14;-127;-8;-35;-21;-79;-32;-8;61;19;65;-14;-36;-10;10;-14;-53;-3;-14;-21;-65;34;31;2;-13;20;-3;2;37;-37;0;22;37;-17;-5;-41;-19;55;24;17;-1;-6;-38;-18;-28;-38;5;-25;14;-20;-4;-20;19;56;31;-42;-56;-16;-32;-27;-17;-19;-29;-12;-69;35;-20;-11;-6;35;31;-47;-77;72;-125;39;44;-3;14;12;27;-41;35;-43;-52;-44;-45;-30;27;-48;20;69;-1;4;-28;60;-25;-12;20;-14;-4;19;-18;28;-1;4;66;53;-14;-23;-17;-77;58;-29;-24;-44;55;-27;-44;-45;34;22;-68;-13;0;-3;-4;-48;98;23;2;-17;35;-29;-5;-51;-53;-70;-5;-43;-32;-6;12;-78;-15;-16;11;32;85;5;40;-9;-57;-16;-78;35;-13;-122;19;4;-38;42;35;-38;43;56;-71;-114;-82;7;37;-10;0;-99;-15;4;47;35;31;-123;-32;45;10;-71;100;13;14;-59;-36;-42;-53;-53;-20;-85;20;-103;-80;-122;34;36;86;-23;7;-31;-11;3;-102;-127;50;-57;-22;8;-52;-58;-56;60;60;17;16;46;-29;31;62;-49;-69;-3;47;-16;-63;65;-55;4;-10;29;-49;84;-78;42;-26;11;1;-50;31;39;0;4;17;-31;-26;11;-40;67;-16;-23;57;-9;24;-7;7;-36;-12;33;33;-53;33;21;-48;-86;8;55;-4;-15;69;28;-29;34;-79;-96;-26;-27;-3;40;99;22;15;-117;-38;-74;-32;43;19;7;76;28;-24;-50;-32;-49;-59;-6;1;-84;-7;-94;-6;22;-48;77;-77;72;1;-57;17;-44;-61;-29;17;-16;-60;65;30;19;-44;0;-14;-52;11;-6;73;17;98;-63;39;-48;14;24;49;-3;3;112;32;-42;3;6;57;-31;-86;15;4;-25;-7;13;8;54;59;-14;-1;-31;-100;-103;-27;-33;79;14;-36;-59;14;-19;-27;-59;82;-98;29;32;-16;-16;62;9;6;22;-31;-127;-54;31;14;-41;-78;-68;-12;-29;-2;44;21;37;-29;9;25;-29;-28;-5;58;14;5;-64;-11;-66;-49;-73;-21;33;-30;51;-100;-14;22;-123;15;-19;62;-96;-60;27;22;-90;-25;66;-113;96;-39;-61;-20;43;-13;-40;-13;-17;-33;-47;-71;44;83;-27;73;6;-39;-4;-10;25;41;-44;17;14;10;-66;-24;35;50;-12;55;7;-17;-77;-32;-23;-50;49;-30;-63;-26;10;-37;-43;-63;33;-127;19;-2;-18;12;3;-9;-98;30;-9;-11;-2;-38;-8;-18;17;18;16;-88;28;-39;18;7;1;14;-6;-37;35;-8;-101;-7;0;2;17;-19;7;-21;2;11;12;-19;-40;50;-71;-45;-31;-51;-23;-11;9;52;1;-18;30;3;39;35;-54;-33;47;8;-9;8;13;-29;0;36;6;6;-28;-13;31;-1;19;30;14;15;-34;-4;15;-57;-25;-3;-23;24;-40;25;38;-32;-25;-23;-34;-29;7;-18;1;-43;-14;-52;14;-37;-66;-3;-32;-41;39;87;27;-7;-4;68;8;-21;-41;-35;-53;4;-7;15;-81;1;-15;-40;-81;2;10;-3;-42;-48;20;-78;-9;-62;-20;-11;72;14;42;-20;61;17;23;-60;72;-61;-61;48;-51;-3;50;-48;22;21;-54;-78;-5;-20;7;-8;16;-25;7;-47;-64;-12;9;36;-36;-4;-40;27;-6;-16;12;-13;-8;-6;11;-51;-24;-31;9;-91;48;-12;50;22;35;2;8;24;6;34;9;24;37;10;8;-15;33;-79;16;4;-19;21;46;60;-25;-127;-68;51;-40;-14;-13;2;-100;-43;34;-52;-57;-33;16;16;23;-120;-19;-9;-10;39;-31;-43;-8;24;-51;17;36;0;-30;-71;-17;-43;-21;-30;-16;-13;16;37;-64;5;76;-63;-18;-10;38;-33;18;-76;54;1;31;-10;-46;-30;-51;-18;-26;27;-83;-17;10;-1;-5;82;54;-69;-105;-22;-36;-50;-58;-25;-88;22;-29;29;-56;22;-11;-50;29;-116;42;-2;-28;62;14;-69;-17;47;-2;-51;15;-26;-6;-65;-10;-96;47;-37;-17;-33;53;-15;-61;-20;5;41;-83;-11;-12;-10;-48;-11;25;6;19;-86;27;-4;29;-84;51;59;-5;-1;-22;-51;1;127;-40;12;59;14;50;51;3;-42;89;-63;-81;-61;-72;-10;-92;-28;-91;-4;-14;-4;81;9;-8;25;49;36;8;-17;28;-69;58;51;-17;-23;-7;10;27;11;-6;33;-19;8;-51;-80;-1;9;0;15;-35;3;37;13;-35;0;-11;13;-64;-23;40;28;4;21;14;2;7;10;6;8;-47;12;-11;-47;-49;-55;-4;30;23;-25;24;-21;3;39;-16;46;-71;15;12;-10;-21;39;33;64;-10;6;-19;-29;-30;-9;-29;39;18;-18;-39;-15;-4;-10;-36;-18;-37;19;-45;-37;10;0;26;-22;8;-8;-50;-60;13;23;22;-79;50;4;21;-3;-22;-49;-9;0;21;20;-28;27;-16;-24;-34;7;6;-127;36;20;-48;6;-79;-19;31;-33;-13;-62;13;46;10;-47;23;41;-24;53;-23;-9;-55;15;0;-33;-2;-68;0;5;3;40;25;-2;2;23;-39;2;-55;12;9;11;-24;-18;-22;-26;-26;-29;3;60;-2;-42;
32
-5;58;64;-87;198;146;379;276;-195;181;-22;299;175;-22;145;283;363;-249;625;-54;99;342;131;412;162;50;76;462;-92;96;-493;-178;
32;
0.004069955;0.0049959663;0.0038084663;0.0033291539;0.0044476828;0.0039420077;0.0045104087;0.004608288;0.003972258;0.004006397;0.0034942543;0.0032058852;0.003681266;0.0048134816;0.003665366;0.003909528;0.004755386;0.0041037323;0.0042320173;0.0059797848;0.0061556012;0.0038701473;0.0037698115;0.003607513;0.0039257747;0.0039991657;0.0033324242;0.0032646134;0.004638426;0.0039307154;0.0032931317;0.0053451564;
0.3773871;
-128;
0.33579883;
-128;
18432
64;3;3;32
-18;69;8;31;-124;-13;35;-24;-30;33;66;19;-90;-91;13;-110;26;-31;-32;-3;32;-60;17;33;3;79;-13;28;4;4;20;-68;33;-1;18;-72;-16;-49;62;-73;-15;-29;-113;-27;57;63;-89;-30;2;9;-39;-80;30;83;-57;-8;-87;-16;-31;-78;-59;-96;58;28;-18;28;78;-57;-6;12;49;14;-84;-34;34;39;-23;-116;-5;-75;-92;-60;36;-40;-100;-93;-11;19;21;-49;-112;-99;-78;52;-85;48;-109;-48;73;-101;-58;-88;13;-31;20;-15;-105;7;-44;-1;-88;15;44;-77;-71;-4;34;14;65;16;5;-125;29;-67;69;-104;-46;-123;-63;51;83;23;-118;-114;-86;-75;-78;-4;-59;44;-27;2;28;-107;-63;-66;-5;-88;-30;-26;32;30;-127;17;44;4;-7;-38;-70;18;-85;78;-48;47;69;-86;-125;87;-26;36;34;-26;-36;57;-64;14;-83;-104;76;77;-70;-69;-50;-119;84;-50;-66;-23;18;-14;-102;-108;47;-94;14;45;-77;-28;4;-22;-68;41;-100;-33;-68;-111;-63;-43;-116;-30;37;-12;-82;70;-77;-30;-53;-126;15;-71;-85;-71;-126;-74;-39;25;14;-2;-48;26;-94;-55;-27;-78;-50;85;-72;-50;-13;29;20;55;60;-75;-8;23;-26;-26;-64;-105;52;3;50;-85;-82;-74;-10;91;48;23;9;48;35;23;-68;-58;-90;-19;93;-3;-91;57;6;-64;82;-13;-60;82;-6;44;-40;-124;-90;-3;-54;-44;-111;-38;-8;-4;19;23;19;-7;-24;-7;40;-12;-23;66;-50;18;-3;12;-24;81;-71;-4;27;17;27;13;3;-40;-57;6;4;32;-22;-72;-62;33;-70;54;-11;14;-4;15;-5;13;-58;-4;-30;30;8;-89;-14;-4;-66;92;40;-65;13;11;-3;-30;8;-22;21;-50;41;-30;-21;-127;42;25;-17;-15;33;49;-21;-2;28;-36;41;-1;15;-58;25;17;48;-6;-28;1;25;-19;27;0;-29;-45;-31;-38;7;61;22;-16;13;-80;39;44;-57;-27;3;17;63;8;-2;-29;-27;31;37;5;-24;-38;24;0;10;-9;19;29;-16;11;-42;31;2;-56;23;-46;-23;-48;-54;-4;-125;-48;45;23;-34;-18;22;5;-25;-68;31;6;-80;50;-7;-18;5;-32;17;17;38;-28;34;47;5;49;17;9;-26;-33;-22;25;26;-47;52;-5;-65;8;6;-4;34;-10;50;40;36;-16;-22;48;39;-33;-35;-21;45;16;-21;0;-75;-11;-2;-36;41;-57;44;16;46;55;-12;-57;11;-28;-36;-19;21;-32;7;-97;-8;16;-30;11;-77;7;49;58;-43;-29;11;-22;6;-18;31;-9;4;-28;-4;-38;68;31;-47;77;-12;41;-18;49;42;26;-6;-18;-27;-44;-67;52;21;53;53;14;22;28;67;4;11;93;5;-35;-20;21;7;-12;12;9;-6;-18;-32;103;14;-52;12;43;6;-48;-20;-4;-98;47;7;64;43;22;8;44;12;-30;-43;8;-18;49;-50;-16;-66;-15;-24;18;-41;-66;-27;-5;-3;-49;25;-26;-32;-93;-11;8;-58;13;-48;-17;-105;20;-32;-54;21;-21;-97;28;-2;-22;-43;-75;-85;-37;50;18;-11;4;-68;-35;-6;-30;59;5;45;10;60;-1;47;-17;-51;5;-82;-58;-73;-36;-53;57;13;-56;12;-8;44;-29;-16;21;-67;43;13;30;-27;47;16;-72;37;15;-9;-45;-30;-40;-47;-53;-36;-77;-76;-27;1;-21;-90;-18;5;-50;-37;-63;-49;-18;-27;16;50;-56;-46;-51;-19;51;-16;-37;31;-73;-42;16;-21;-59;-8;-41;-41;22;28;25;-24;-47;-19;57;-4;54;26;59;-49;-26;-88;-12;43;-35;-8;-50;23;-13;6;-27;-61;3;4;-127;-35;-57;-93;33;70;-51;-95;-88;39;-58;-63;-75;-45;-84;-76;49;-68;-44;-88;-48;-7;45;-54;-26;-28;-26;-63;-19;-4;-75;3;-12;0;37;15;-29;-24;-74;-71;-24;-9;-66;-62;28;-7;-8;-90;49;40;-52;-74;-44;-101;-62;28;-4;-83;-25;65;-1;-65;14;27;-1;11;6;-63;1;-63;34;-24;36;29;-52;-24;-75;-100;-6;53;9;-28;-77;-53;14;-27;51;-29;-51;-66;53;23;-62;-18;20;-53;23;-37;-77;-56;51;-22;-22;2;-57;-62;39;40;19;12;-1;-73;-24;62;-47;-31;11;-74;32;39;20;16;-42;-19;31;-55;39;-58;-13;48;-44;-77;-12;-67;-32;-84;-6;9;0;37;-39;35;22;71;-12;-55;34;-41;-30;-19;61;21;-29;-24;-34;-71;56;-57;-34;4;20;-7;-1;61;24;69;15;-38;-40;-21;-67;13;-41;-27;31;35;10;38;-31;15;40;-39;19;-61;-23;-91;-53;23;-30;33;19;-25;17;-50;32;-32;0;88;-57;-57;-78;21;-1;13;-80;55;13;-62;-66;-10;52;36;-1;19;-7;-114;86;-34;45;-14;-23;2;30;-18;-66;-105;-60;71;-22;-45;55;-28;15;35;-3;27;-56;46;30;-48;-26;-82;-82;15;-12;-20;-39;1;-29;-76;-26;-61;15;-1;-19;1;48;-57;-98;82;55;8;-46;27;-11;-23;-40;69;-22;47;-16;-3;-22;30;-67;30;-37;25;-28;-3;-24;55;-34;21;-42;7;27;25;-17;118;51;-13;-10;-24;-58;32;68;-99;-3;-23;40;-14;45;-76;-88;48;-90;-12;-10;42;-44;-35;-91;37;16;22;-41;-28;-11;20;-51;-32;-24;63;-17;51;-1;3;3;-83;23;-13;-40;-8;-42;15;-13;-36;-97;-28;31;-49;55;22;-61;-6;-71;-25;-58;-34;29;40;2;25;-36;37;27;-80;-9;34;-80;37;53;-13;19;-68;-28;73;71;68;17;-6;52;32;104;15;8;-15;-127;16;-26;76;-28;70;-25;68;-83;29;-20;78;-19;-19;10;45;-13;-38;-25;-3;-15;-38;5;30;-35;-6;-35;6;55;-78;-22;28;-41;-17;-75;11;-38;1;-46;42;31;6;5;-10;22;-40;-72;10;29;-71;-46;-26;-65;48;-13;-113;65;-12;29;-12;10;2;9;-19;-31;31;10;-1;-6;53;37;-13;20;72;12;109;8;16;30;-16;-16;-3;-15;-15;49;46;-102;25;-18;-44;-72;-5;-40;-5;-10;-18;-12;-43;-22;-21;16;-22;6;-4;-15;127;-31;-75;-78;-52;-28;62;11;-66;-10;12;0;-18;-35;-15;41;43;43;29;-56;-25;-19;20;0;-26;9;-56;56;35;-50;55;-12;-28;11;-15;34;-26;16;13;-7;-22;3;22;-1;20;-22;-20;-17;5;2;31;27;-43;-74;11;-4;-9;-22;-19;-70;-24;35;4;45;21;5;-19;48;-9;11;-19;-34;57;-74;-33;0;19;-9;-28;16;-6;-69;15;28;21;10;21;-35;-14;-3;-13;57;-13;-39;74;-19;-7;-39;45;-13;-90;-71;-39;45;30;-4;-11;7;-66;-56;10;-20;17;-1;-42;-54;12;16;-8;-2;10;-23;20;29;-5;-48;-71;-40;-32;6;21;29;0;27;10;-28;6;-28;13;-23;-42;42;44;-16;-21;35;-2;32;-1;1;-12;15;44;7;13;-13;-1;1;-46;8;-16;15;-23;32;31;-3;-5;16;45;-8;-49;-24;-7;-13;-26;-5;2;-49;26;-28;9;-44;34;-30;0;-9;-16;-7;-40;-19;19;-9;-8;-96;-7;18;-26;-17;8;30;-43;26;17;-25;-35;16;54;20;58;-2;-26;12;16;30;1;14;-3;-14;-17;-21;16;1;-32;-23;18;25;-48;11;50;-7;-22;-37;-61;-15;-14;-42;-42;-50;1;-13;-9;-11;7;17;-18;9;-46;-10;-63;-4;45;-16;24;7;-21;-1;101;-7;0;21;14;29;-62;-43;3;-16;-64;8;52;-32;-31;11;-37;-37;52;-25;-24;-3;18;-23;77;20;52;-43;-54;100;-32;8;30;-44;88;-101;-34;1;4;40;-31;-39;-24;-15;49;64;-8;-78;35;20;-66;8;7;-26;20;-25;25;-74;-22;13;-31;1;-17;-2;-44;1;12;-20;53;41;-36;-36;-14;-4;36;-15;30;45;15;-56;16;19;45;-12;44;-63;-36;29;56;-40;32;-3;-2;-47;-23;51;21;32;-55;-24;17;-17;52;10;-19;4;-18;-33;-26;82;104;-4;20;40;25;15;-21;37;44;-34;46;43;-22;49;70;-6;-7;94;-14;-93;-53;-16;15;-44;-11;63;-11;-35;51;33;-33;-76;72;-17;35;-4;-8;-35;-102;-42;-1;-33;6;5;13;43;-34;2;-13;-32;86;-52;-24;-78;-24;28;19;-72;20;35;15;-27;19;-33;9;6;-16;-7;-36;-35;3;10;59;-56;31;17;-14;21;13;-43;40;-12;-42;-1;-19;-16;45;5;40;16;-21;58;-12;43;-89;52;-102;-7;23;-15;-50;-6;-19;31;10;42;-7;45;-38;20;27;-9;-127;-58;36;73;-49;-21;34;-7;-31;-58;13;3;1;-4;41;-40;-76;18;-26;20;45;3;98;-96;-4;-52;-7;-2;23;-20;79;34;11;48;-32;-1;7;22;-46;21;-39;-45;48;19;-25;15;-11;20;-37;-14;7;-66;-12;-7;-4;21;35;-1;-52;3;-24;26;14;-54;-93;10;7;18;-120;11;57;14;-35;-2;-40;1;28;-13;28;-23;27;15;69;7;-3;-11;-48;-18;34;-40;75;-23;-37;-21;67;62;-1;-33;23;-29;-31;-36;33;-13;53;7;-14;-52;27;2;-10;-74;71;56;-3;-28;2;-26;-16;-19;9;10;7;8;14;3;-11;6;24;9;41;-11;92;2;12;6;12;77;-3;6;-64;50;-13;-7;-43;-10;69;7;-13;55;27;23;-34;29;47;10;36;7;35;-53;-24;-20;-5;24;-85;8;-15;29;2;23;35;1;49;-12;-24;14;7;-52;11;47;-34;-14;-41;65;21;0;21;38;-12;-4;75;35;-41;29;-4;7;14;-6;15;-17;-11;51;-26;-50;-7;-25;39;29;-8;83;-88;28;13;50;48;-84;-28;-44;20;37;-54;-70;-37;48;22;47;-10;-55;13;44;-104;-127;-10;-83;59;40;-37;-22;-7;9;44;-12;0;6;32;-31;-4;-37;35;-19;16;-22;-46;16;17;8;-81;45;16;8;-1;-8;29;77;-24;9;-17;35;11;-13;-43;27;56;-51;30;27;-6;-46;3;31;-48;-41;-21;60;61;-8;12;-24;11;-8;-27;-18;32;53;16;-20;-33;45;0;-23;-6;68;35;-45;-29;11;-78;17;9;18;46;28;6;-3;4;-54;-43;-44;25;11;5;50;21;63;2;-20;17;-23;59;46;35;-24;14;-5;13;-12;60;-99;-74;-74;-19;52;-27;-35;4;44;55;-30;57;20;-4;-5;79;-34;-41;-4;-43;-20;-33;-77;67;41;11;41;-42;11;-33;-3;-17;-17;-17;21;-2;32;20;-6;51;10;73;8;-76;-2;-7;13;3;-34;-27;4;-32;15;2;-5;-15;-34;31;-25;-53;-7;-34;-13;-8;-50;8;44;-51;-48;14;-4;44;67;5;32;44;2;-28;-9;-11;-23;-7;0;46;41;-11;-15;-32;40;-2;3;18;-4;79;1;26;127;-30;9;-8;-46;9;-45;-43;0;-41;-77;-4;21;0;11;-6;-82;-8;-77;58;-22;-34;-43;14;-80;52;33;8;12;-37;20;-11;-46;3;68;-24;10;1;-3;8;-2;23;-87;19;25;-32;-49;31;22;18;-33;-49;75;-86;66;21;46;22;-9;-13;-69;-42;78;44;-72;9;41;9;-4;-26;6;-13;-62;21;-12;-18;17;30;-33;10;37;-24;-36;-12;29;16;4;-21;-34;-24;-23;-22;6;48;-56;-55;0;-82;57;-9;0;6;-23;4;11;-29;12;38;-92;27;53;-10;-30;-4;21;-5;-27;7;-31;32;12;-22;-3;-47;-19;-67;3;-33;26;-23;-72;9;-18;-27;-29;15;46;35;-6;7;-51;-67;-11;-5;22;-5;-57;5;-22;-29;-74;11;-4;-37;-42;15;-35;-41;5;18;6;33;-70;-102;19;-6;45;35;59;-12;7;60;22;5;-68;53;42;24;46;-63;-29;20;30;-69;-27;25;-19;-38;-36;30;80;-41;-1;-9;37;-86;38;-74;-59;-7;-16;36;-95;60;-92;39;20;38;-21;-55;-83;-43;13;-46;39;-84;-7;58;-14;-39;-74;15;-5;52;45;26;-27;16;41;36;50;-23;17;55;-63;57;7;24;-94;61;-70;22;-16;29;-64;42;-21;-35;-45;52;-38;38;17;-14;-47;23;31;-79;-13;3;22;-4;-52;-17;-7;50;-65;-78;55;-31;24;-121;29;62;-5;-75;-39;-52;-46;-28;-60;1;-82;-86;-18;-76;21;50;1;-87;22;-102;2;20;-4;21;41;-70;-41;-48;-40;-36;16;-16;-66;96;-71;20;33;-52;12;-37;-18;9;-85;-77;-25;-93;76;11;-37;36;-32;-21;39;4;20;-56;-58;-35;14;-33;1;-61;-89;-49;-47;-75;45;-28;-83;-19;-33;30;-31;19;-87;41;-17;-20;-51;-79;-74;-127;38;28;31;53;-57;17;-43;-24;27;-58;23;42;-17;44;2;18;-38;-58;-89;-122;-30;31;6;8;-3;-28;0;0;-69;34;28;26;1;-34;-81;-8;66;-6;-56;-61;-40;13;38;33;-7;56;-36;11;41;-54;-7;-49;-81;17;-29;14;-80;-61;11;-50;-31;31;-10;-53;59;4;-32;49;-52;60;-61;50;34;-49;6;29;-94;40;-55;1;-29;18;-43;-19;-39;-41;-22;25;-26;52;31;-45;-17;6;25;-89;70;-66;-12;10;-36;-50;25;31;-69;13;-34;37;-4;-45;51;-87;18;-91;-105;-22;15;41;-21;-72;26;-23;-29;-42;-29;-73;53;-63;49;-23;32;-79;40;-27;-33;31;-93;-71;46;-76;-90;-12;-67;-11;18;33;-56;9;-46;-32;-52;-47;-55;-88;-87;44;-48;25;-96;-69;-102;-47;58;0;-24;-51;15;-58;42;-62;-88;-19;-44;-53;-48;13;-10;100;-26;-57;-68;32;-90;32;-77;-93;33;-21;-3;-13;-60;-54;13;-18;-89;-12;-44;39;19;-45;-38;-48;27;-31;-45;-30;-45;21;-23;0;34;-21;-38;-1;11;-127;-47;-95;-74;-33;60;56;29;-18;4;-59;-62;-20;75;-94;-86;-20;-67;-43;43;-47;-54;40;37;60;84;-10;-24;-7;-98;36;18;41;-9;-51;35;-48;-11;-74;-53;-99;23;-99;-24;-8;-37;-59;45;-1;-23;-63;40;-83;-71;-13;-14;-16;-93;-92;48;-45;31;-12;-43;-24;-103;40;17;53;97;49;7;-65;44;21;-71;40;46;-20;-30;-51;-66;21;7;-83;59;65;-26;13;-118;67;-20;-14;-62;-19;6;44;-28;-46;-63;-51;39;-40;-72;36;16;32;-63;-23;-41;-33;60;29;3;6;-14;55;-31;70;15;-35;42;-26;35;18;20;-21;33;70;-108;-40;8;-89;46;26;-59;-79;-57;-20;-31;-39;41;-28;35;69;4;14;-43;-51;-49;-37;56;-14;82;-34;11;63;6;40;-18;-2;-17;8;-37;-65;3;-76;-101;-32;41;-64;-49;5;50;-29;22;-56;-79;36;8;-3;-14;44;-46;37;7;-115;-33;27;38;34;15;60;-48;18;-1;2;31;-23;-75;18;-21;-56;-61;-73;-50;-34;-41;-70;-29;0;-27;-62;-123;-12;-31;-53;-31;-81;-106;-20;0;-35;-108;-95;-32;-23;-67;-99;-66;17;-79;-55;9;-61;-42;-38;39;-70;12;-23;-113;-99;-6;-61;-82;16;14;-94;-36;-85;-53;-54;-16;-74;-103;-67;-110;-71;-63;-34;-20;-79;-21;-56;-43;-34;-18;7;-83;17;29;-60;-41;-89;-90;-45;-34;-41;-81;80;-69;12;35;-8;17;17;10;-55;-63;15;-27;-82;-23;24;8;-27;7;-22;31;-33;-42;-18;37;57;-44;14;-65;-7;-14;39;-90;75;12;-37;-117;2;46;-48;12;0;-71;20;-43;-49;-3;14;-62;-68;-53;-16;-31;-41;5;7;10;-35;-44;-86;-79;-3;-49;45;-43;7;-28;127;-87;22;8;2;-29;-66;-21;-5;-55;-105;-13;-58;22;-77;-15;3;10;-91;-28;-59;7;-69;-37;-38;-15;20;-1;-1;-46;-79;-70;-36;51;-24;-69;-4;-8;29;-54;-61;11;-33;2;-14;17;-108;42;0;-42;-94;11;-33;22;-51;-13;-67;-65;-7;-84;-37;-11;-68;37;-70;-78;-63;7;30;-48;85;-7;8;-38;17;71;41;13;-73;-25;-23;35;23;-48;-35;-58;-6;63;5;-35;-53;-118;-44;53;-29;-29;-46;-100;-92;-120;-63;3;60;-37;-62;-69;-9;-8;-56;-88;-58;-57;-35;47;-56;-78;-46;56;-3;42;-66;-8;-78;-47;29;51;-1;21;35;7;-69;-52;-52;-91;-63;-84;9;-10;16;55;-57;-36;14;-26;29;15;37;29;-48;20;54;-68;40;-59;36;-21;-82;-33;15;-17;-33;-73;12;-29;38;36;0;-29;-78;22;-5;-10;-67;-3;-19;-80;-74;-6;-9;6;-99;3;3;18;-2;17;-53;3;-31;-33;27;-51;1;15;-7;45;-17;-21;-63;12;-38;-87;-24;16;-51;-90;-127;56;-100;42;-49;-59;26;-65;57;-38;-19;-64;41;-75;-12;-28;51;-14;-67;-4;-119;-79;-54;-43;-24;-52;1;-88;-53;1;45;-18;-108;16;18;-43;35;-54;34;3;-11;-63;-23;-44;48;-90;-20;21;-48;5;5;-66;-40;4;-66;5;-48;-10;-72;-24;-73;14;4;30;-37;-69;-86;36;-73;-24;22;60;-6;-46;-29;-74;-34;-4;-40;31;-38;-68;58;-22;-25;15;-26;26;31;-6;-34;-14;-1;-58;-58;-81;7;-91;-25;38;-24;61;-41;-81;36;17;-33;38;-55;-64;26;-25;-23;-23;-22;3;-59;-76;-35;-73;50;-33;-46;-4;-50;73;-69;-47;-51;49;-9;56;-3;-83;-2;77;9;-55;29;42;14;-41;56;-9;-119;-72;-19;-63;20;44;-35;-11;-25;0;-10;-18;20;28;-7;-41;-2;20;-45;35;16;46;-45;16;-65;8;-50;-23;-38;-51;-30;4;1;42;-8;-19;-15;69;-31;-60;-9;21;-78;-48;38;-58;27;12;-23;25;-66;-12;-84;-13;54;43;-50;-5;-69;33;-21;10;-25;29;-74;25;28;26;7;35;-17;40;24;21;28;-62;-81;111;3;0;24;-36;-48;-67;20;-21;-56;-18;35;6;7;29;69;-30;-43;-32;6;-9;-40;2;3;17;-55;-17;9;23;61;-37;-18;-36;-20;45;-43;-96;-21;-80;-18;-73;-29;-8;-3;-86;24;8;-40;19;-35;-126;4;-35;55;44;-16;8;-12;-52;-29;27;-7;17;-41;-32;1;26;-18;2;9;53;29;20;21;31;16;-49;-2;-42;-40;6;14;-127;-69;-60;-4;-47;-11;66;70;-107;-125;-12;-61;-33;47;23;43;12;5;45;25;-38;37;6;4;43;4;43;-34;21;-34;-24;-84;-22;-5;-2;-13;-39;-3;-67;27;48;40;13;-118;56;77;45;82;-15;41;56;11;40;59;32;11;-48;8;-39;6;-13;-46;55;35;6;-2;60;4;18;-15;29;34;119;-35;33;13;-17;15;-104;-11;-53;-18;58;53;-3;-32;0;-8;-15;12;9;7;-35;57;-14;42;-12;-32;55;-72;-32;62;20;-20;44;-22;-9;-11;-1;51;-12;5;-14;-2;6;-25;19;-42;19;35;-31;22;13;-4;15;-12;-16;57;7;44;-3;-19;-15;7;-48;33;-14;36;38;54;40;34;-55;26;-1;0;44;-38;-27;66;-16;13;-9;20;-8;-5;43;80;-25;19;21;34;36;-35;-3;-70;-43;5;48;46;27;-7;-2;-4;120;-43;21;-22;17;26;39;32;1;5;3;17;12;39;-4;53;-1;0;15;-27;41;60;-1;-20;5;-8;-40;18;-33;-1;12;-27;-16;60;1;10;25;5;-14;22;-59;-12;-14;-32;53;-50;26;-20;12;35;24;17;31;43;-35;48;10;-3;35;-14;-37;-13;99;-14;13;-70;-1;-63;-49;-96;-63;-7;-4;-37;1;-24;-57;-29;-38;33;6;-34;-68;-64;12;-6;52;37;-7;-29;-10;47;11;23;-4;8;48;-67;-53;12;-3;-42;-33;34;-43;40;-15;-16;31;-63;-8;-25;-34;-50;-24;-19;6;28;-127;-28;-73;12;45;54;-40;32;44;-48;41;-50;50;8;-33;-83;22;-66;10;61;-9;6;5;3;17;-1;-43;-15;-75;-28;2;24;-44;-37;10;-43;-21;55;10;-17;-40;-89;-29;68;-57;-30;-25;-69;10;-4;-111;-59;-46;-22;7;7;-30;-111;-45;-25;31;-30;-45;39;-23;-58;-78;-6;25;-13;51;-37;-65;22;22;-53;46;-6;-31;-23;-58;-99;-16;43;-25;-38;-66;-32;61;36;-26;-28;-79;-15;-89;-28;-93;-64;-31;15;31;-29;0;-27;-32;10;-23;-66;-27;-53;-77;-57;-60;-81;-26;-103;38;-64;-8;28;52;-41;-43;-60;5;14;-32;-48;-9;-49;-45;30;7;20;-23;13;-38;16;-4;-57;36;25;-87;-14;-17;-61;37;-53;13;-42;24;-13;-34;-17;3;3;29;59;42;-18;-52;-20;-22;5;-68;7;-17;-51;-65;-21;14;-2;-13;-87;43;-46;14;-19;-44;-17;9;38;-52;-51;5;50;-3;51;30;-26;3;30;-47;15;-47;-54;-61;-43;-30;-9;2;-47;56;5;-51;-127;10;-8;-16;-102;-44;24;16;14;-58;21;43;-15;-94;17;-33;18;-2;-37;-97;-35;-18;-46;-24;59;-22;-112;-110;23;-64;-45;-82;-63;-39;-65;-4;-13;-78;12;-44;38;21;-37;11;-4;-29;-84;53;-37;48;44;11;16;11;-7;2;15;-49;-28;37;-72;44;75;-5;-8;-22;23;-63;-32;28;12;-11;-40;-62;-44;-18;23;16;40;-20;-27;-56;-66;-64;6;-86;-59;-92;-67;35;-71;28;-34;-56;-49;24;34;3;-45;45;54;70;5;-77;-75;23;39;-25;17;-100;43;-12;73;-13;-13;31;32;18;-13;-30;-30;-21;21;-76;-60;66;-23;-12;-83;-101;-12;74;67;-76;-49;30;-64;-71;56;-61;-57;-33;-47;-41;-85;-28;48;65;-43;32;-93;-26;40;-18;-109;-30;-75;-79;-40;-38;-18;31;-52;-65;25;-61;-55;42;23;-62;-33;-22;-3;-69;-4;-10;-13;-91;-75;-68;40;-81;15;-20;48;-109;-20;-84;-31;-75;21;-46;68;-25;-3;8;-29;-39;6;-87;70;-36;-59;-48;-57;-10;-11;-84;-53;-4;-42;-90;-55;-6;-51;-54;72;-83;67;-3;-82;-63;62;14;-73;50;-45;45;-68;52;-71;-77;-16;-98;73;-50;-40;18;-64;-15;-8;-22;-66;-13;65;-65;-73;-72;-66;45;40;-113;30;-71;53;-1;-85;-86;-13;76;49;-112;44;28;34;-87;-1;-33;2;-104;-11;-22;-101;-13;2;-83;37;-10;-19;-58;-55;-74;-50;-5;-44;-52;64;3;29;-112;-89;60;22;-5;42;-29;61;-13;18;-21;-27;-95;-112;11;68;-66;-21;-21;-22;-103;-30;-16;-83;-101;11;-34;-69;55;81;-30;-122;-69;-95;-56;-21;37;26;77;-1;-9;-97;-40;3;-105;-93;88;30;56;10;-32;18;0;61;-59;-55;13;-27;24;-74;41;-75;29;-89;-99;-33;-38;-110;74;-82;71;26;2;-26;-51;18;0;77;-89;-7;-32;50;6;29;-8;26;58;-39;-64;5;-87;61;-19;-26;-93;4;-117;-52;-52;-101;-25;33;-22;39;31;-73;31;48;-83;-19;33;56;-68;-20;-49;-97;39;31;27;-82;-58;-98;30;-101;79;18;-72;-90;-60;17;-77;-81;-87;-52;79;56;-105;45;-82;8;10;83;15;-8;-84;-1;14;30;-95;-61;4;-54;-77;36;41;55;-1;-78;-65;25;-104;-46;47;6;-52;-86;-43;84;-94;33;13;-57;-127;-45;-56;-70;-61;-53;-17;-93;-48;-121;28;-43;7;-32;-108;-101;54;-51;58;-47;-57;-39;-114;-61;-77;4;-39;33;-15;-58;-57;-55;-113;-65;-52;-47;-89;5;-30;-87;33;-70;-23;-44;42;-95;-57;-32;84;33;-23;-61;36;-90;-45;-95;-10;5;52;21;68;75;-58;-39;-70;-23;65;-70;-43;-4;29;73;70;-85;-1;-3;-18;-8;-54;44;46;78;-3;25;-12;29;-90;-85;-95;14;-25;-4;14;-27;4;62;8;33;77;-63;-39;-89;-50;-78;-16;-114;-57;6;-23;-110;-41;40;67;-44;-127;-89;-46;37;48;-21;52;-22;-26;-88;60;37;6;-55;55;89;-27;12;56;7;26;33;-9;7;55;-19;-9;27;31;-40;67;-85;38;-2;-53;-90;-36;-24;-41;61;-42;-44;-11;-40;77;-58;-5;-17;-100;-69;64;8;29;-25;-72;-33;-42;7;24;20;13;-31;-83;-13;48;2;-21;-88;-20;54;-46;41;-38;-49;-16;-60;-31;25;-41;-66;-10;82;12;13;-62;-32;-14;47;-20;-44;49;-29;54;2;30;-13;27;-23;-81;57;19;-54;-2;-1;48;54;-5;44;33;-45;-7;38;-49;-8;5;-6;-21;-69;-14;-1;-28;31;14;18;-11;-22;38;3;7;14;6;-110;36;-9;-56;-29;51;-21;-58;-3;69;33;-103;-73;-40;-44;-44;48;66;-26;16;-24;-49;-53;-68;32;-73;-15;60;2;-25;26;16;29;94;19;31;-94;27;-7;-31;-22;-40;23;10;-1;-20;41;-4;5;2;2;-65;34;-53;63;6;-41;-49;1;52;-31;3;-31;-109;9;10;-40;-27;-2;7;17;-20;9;9;-40;10;-38;46;14;17;2;12;-78;14;-56;-55;-46;36;2;-18;-47;48;5;-29;48;0;-51;-45;-29;31;31;-8;8;-37;5;-17;76;-18;-9;-69;34;-11;-3;-59;63;11;13;72;-5;-77;1;-4;9;47;11;-25;-25;13;35;10;25;22;22;-4;6;18;33;19;37;8;51;31;-52;-52;44;-23;11;8;-28;0;12;11;-13;-8;48;-1;41;-24;-74;78;-55;30;-34;-42;42;-8;-18;-7;55;-27;13;58;14;-32;13;58;30;22;-91;29;-26;-81;56;5;-16;-15;10;-46;-11;6;-104;11;-4;5;26;-74;-57;30;5;-3;4;-69;-51;-32;26;-22;-81;-74;-16;9;-56;-28;-11;26;-60;-19;-43;7;1;-41;14;-76;-75;-46;-59;-34;11;-32;42;26;-6;10;1;-31;-3;-27;-15;-102;-36;-18;-6;-16;9;19;-53;-88;-55;-67;-54;16;-42;-8;-15;17;-36;-27;-19;30;-30;-44;-25;-37;-43;27;-51;-11;24;3;-45;36;-46;-35;-37;-9;-27;-61;19;-3;-37;-3;-93;-37;-56;16;52;-30;-15;-41;7;-57;-3;-10;-37;38;-12;45;-40;-6;-12;-45;47;-10;8;36;-6;35;-33;-8;-63;-100;-10;-25;-32;45;-30;42;-79;-69;-76;-50;-81;11;30;18;-10;-79;-34;30;17;11;-35;5;-8;4;-22;-1;8;-13;-127;-5;38;-18;-34;-86;30;-2;-73;-19;-33;8;-1;12;18;65;37;-16;36;-23;-21;-32;12;-42;-35;14;10;-20;-10;-66;-8;-75;-46;-48;4;10;13;-4;29;0;47;-35;69;-51;10;-16;-53;28;-1;-66;-32;41;50;25;-25;-65;13;27;2;-8;-109;4;-20;2;-21;-26;-29;-55;-39;-3;-28;-7;42;69;-54;-34;-7;3;3;65;26;22;-11;-76;-58;6;-12;8;-18;-8;-3;24;-29;34;2;24;42;-73;-35;-81;2;-55;-37;42;-31;-93;-49;32;47;-86;31;-53;61;-117;-87;-17;-15;-12;-50;-46;47;-3;45;59;-6;1;23;55;51;-127;-116;-86;-126;-40;-64;54;-115;-79;77;-43;-99;-8;32;-76;54;23;-91;11;-50;6;-46;-22;-49;42;-88;-60;67;-56;51;-53;-19;-54;-23;-126;19;-68;-113;-80;33;47;-87;-113;-112;-52;-19;75;-125;-15;-25;28;50;52;95;40;-104;1;73;-52;-31;-85;72;-40;-118;-43;-8;54;-48;-22;32;-116;-27;-29;19;-81;-94;-71;10;85;-82;-30;39;-85;95;-8;-11;-33;-80;11;0;-51;70;40;-95;1;29;13;-104;-59;54;-45;-3;-119;-87;-71;-52;-29;-3;-39;-77;74;52;-27;26;-43;17;10;40;-28;-107;-118;79;34;-38;85;-9;-120;-84;-3;42;-95;29;-3;5;-34;48;37;53;-96;-43;-89;-9;-11;-44;-79;-67;79;19;-39;-93;-105;-5;-91;55;-25;-81;-94;-37;48;-82;-100;-12;-93;-14;-74;-77;-69;-80;-63;-53;-92;-14;4;-104;32;-56;9;-76;-37;31;-84;25;-78;-11;-76;-22;-47;-57;93;30;35;-74;-29;-104;26;74;-41;21;-71;-125;-91;-44;-14;-121;-25;-91;57;-78;17;-90;-37;-87;-21;-83;-65;-10;-57;93;-63;-40;61;-67;-113;2;-115;41;-2;-74;10;3;22;38;18;-22;-114;17;21;4;-21;49;-111;33;62;-79;-118;33;-70;-32;-4;-13;34;-109;28;19;-21;-69;16;-82;-106;-48;-85;14;-44;-41;-20;15;8;5;15;-21;9;9;65;26;-25;-13;-6;17;-2;13;-81;-29;-37;71;-26;45;-11;-4;20;30;-68;-7;-61;29;58;32;-38;-33;-46;29;81;-60;-92;50;-26;-19;3;20;-27;13;18;106;-78;4;-11;31;23;16;-24;23;-6;13;-17;34;37;-45;17;30;-3;-61;-40;-58;28;-14;19;46;-55;-106;14;-31;54;-52;-84;-18;40;-12;35;6;-33;127;-49;-55;-51;12;-27;47;-11;-59;-57;-9;-18;61;17;1;-15;39;-121;-10;27;25;7;-3;-3;12;49;-8;-55;-12;10;-7;9;-71;-12;7;-24;42;72;9;-48;17;16;27;4;-8;-46;-57;-43;8;66;6;-46;-29;0;-12;-31;-9;8;-26;24;16;-42;-2;15;-3;10;-28;-48;37;-65;-39;-16;-48;-11;-17;9;18;-27;-15;59;-43;25;-5;-56;-6;4;6;-6;-1;10;27;-2;16;26;41;6;-11;20;-13;32;31;-2;76;-9;11;40;44;102;32;3;-22;-5;-18;-36;54;4;-60;50;-22;-34;-40;-19;-1;27;-87;-56;-15;-4;-22;-37;-65;38;-8;86;-2;0;39;65;-16;12;-40;-13;-41;-61;-28;45;-17;0;-71;-32;32;-45;-92;-34;-75;-89;-96;-25;-36;56;5;18;-36;-30;14;-88;28;4;13;4;-4;-9;-72;-72;-33;-32;-50;-113;-29;-60;-93;56;-3;-72;37;2;21;40;-21;5;-95;-7;-80;39;-27;-1;-14;-56;0;-87;-7;-4;8;26;14;-35;-58;110;-26;52;-7;-69;-43;-3;23;26;68;-26;-30;48;18;-16;67;-5;71;-42;-28;23;50;30;-12;-58;-7;68;99;7;-8;25;13;-127;-14;71;10;39;36;-23;11;-59;-25;-19;-9;68;42;-96;73;-18;96;1;-16;-30;60;3;100;28;13;-50;-46;36;-8;28;18;15;19;-18;5;-18;-16;13;-28;-39;5;31;-3;-77;32;-18;-36;19;45;-63;-1;-62;58;33;-12;-47;-47;-87;-34;23;20;-28;18;-35;-27;18;-52;4;-32;-15;-29;-17;16;4;-16;1;-25;-42;34;-31;24;31;-32;-36;-70;-54;56;-52;28;84;-25;-40;0;0;8;-8;6;-62;-44;14;-31;15;39;-15;0;-6;-11;9;69;-51;-8;-9;108;-72;-33;6;0;-34;61;28;-22;6;29;-38;-26;18;-11;0;-68;83;18;-19;64;-30;22;-39;-91;5;-44;26;-24;27;70;-36;-8;-14;-9;-26;26;23;-52;22;-16;-18;24;42;94;-29;-12;-3;0;2;7;3;7;-61;8;29;19;32;0;-42;-43;-26;7;3;-36;28;42;1;10;6;-58;-51;-21;-24;13;35;-28;-48;19;33;-19;-31;31;-9;-40;50;-40;2;-29;58;26;-16;24;-78;-59;0;84;21;-13;-45;-34;-38;-16;11;-32;25;-6;41;-65;-11;-22;-2;-17;-60;-29;-28;7;79;12;-41;-15;-11;25;-26;3;-15;-14;-2;39;41;26;11;9;-30;-26;-23;5;-10;-5;58;53;93;-46;-65;-47;-67;-58;102;13;-58;-54;-44;38;39;41;20;-16;-1;95;-33;31;-2;25;30;-35;12;33;-56;39;98;19;-96;-40;5;91;-23;-35;-89;21;-28;26;-27;-41;38;-45;46;32;43;42;18;32;-30;0;-22;-43;30;8;-36;19;7;105;-39;29;-49;28;15;50;9;8;23;-55;-16;19;93;20;30;3;52;-41;-6;0;4;94;-25;98;-33;-24;36;-41;-2;-19;-16;5;18;10;-73;10;36;-6;10;-35;34;-10;-2;-32;12;24;-27;30;-25;2;-6;51;5;52;2;-10;-17;14;-11;38;15;-14;22;-14;77;-40;-8;23;-102;7;-42;-28;69;48;8;63;78;37;-34;-3;-77;10;-85;57;-15;-104;-7;0;-40;36;10;-2;-29;-32;43;-63;-93;40;20;-59;-33;-4;-23;28;-81;-31;-55;27;104;25;11;-69;-49;75;-39;8;-48;18;45;98;-4;73;-36;-41;-8;-1;-10;-59;-43;-2;52;63;-31;-14;36;3;10;38;-26;-5;9;70;46;0;48;-25;0;-29;82;-7;-71;-21;11;-12;21;50;23;-37;27;-44;14;30;122;49;-3;7;47;25;28;54;70;48;8;25;-24;127;37;40;-34;20;-82;-5;8;-31;47;-65;17;29;-4;-55;19;-43;11;-14;15;20;-7;-38;19;29;-24;18;-28;24;102;-31;-10;49;-14;15;-8;-10;43;38;35;-51;50;2;-19;10;31;16;-18;-26;43;4;79;88;-75;-15;-22;0;-1;-14;17;-16;-22;4;2;-20;-17;16;55;20;-5;-8;-69;-21;-32;-6;34;2;19;29;-49;-16;18;-42;29;-61;-32;-24;-83;17;-28;1;-52;43;35;14;-2;40;38;-24;8;44;29;-54;48;-12;34;-45;-11;2;58;-24;4;54;-23;3;3;-11;13;52;-25;-11;-29;10;77;22;-13;-13;-34;60;1;22;11;24;-4;18;3;-53;26;57;51;-66;8;-9;-71;0;0;-37;29;63;7;-9;45;44;66;-44;-3;23;-33;-25;-12;88;19;18;-49;28;55;-36;-32;-111;43;4;-12;-12;23;84;-23;-14;15;14;-9;36;35;-5;-47;73;-14;-30;89;62;112;-15;67;37;-1;-127;-27;-46;21;-43;-55;112;-3;-7;-22;8;15;-48;9;-46;6;68;53;-10;38;-10;71;5;-76;24;-21;-11;27;11;35;2;-13;14;-54;-56;20;-58;62;41;-48;45;-68;-25;27;64;-10;28;-23;6;5;12;10;12;-26;-9;-29;9;3;3;65;-13;-16;-17;-3;-9;16;60;-14;2;-18;10;26;-40;-27;-3;-42;-75;71;-32;3;28;69;18;29;-58;20;-14;-24;0;4;-8;-36;6;-5;12;36;8;57;-17;19;-26;-54;-31;-3;-37;-29;-15;-20;33;4;-47;32;-60;-16;-12;-2;0;4;-25;55;20;-17;-23;9;3;19;-34;33;-17;-55;-32;-16;-23;27;11;-27;-19;26;6;15;-17;94;20;-62;-67;16;12;-41;14;-44;28;-3;-3;-61;0;-2;-25;-56;17;68;0;-58;-45;5;-14;9;-38;-67;3;-22;-47;7;9;2;-16;-51;3;-14;35;-92;21;22;-23;-33;73;-46;-18;61;-8;-38;-60;-9;21;23;-42;-8;0;-12;-1;-32;-1;35;-9;1;8;9;31;-13;43;-32;-18;-21;2;-44;68;12;-51;-52;-77;-60;-31;-31;10;-21;-42;1;12;-49;-56;-17;35;-73;68;-48;-10;19;27;32;16;-20;-38;-22;-22;11;43;-19;-30;-21;-2;-10;-22;-28;-26;-58;-3;27;39;36;-23;53;27;-53;-67;-87;-10;56;-33;-66;13;22;-10;-41;-14;-32;-60;15;44;23;-47;-77;-2;2;-59;22;41;18;-8;-44;-27;-28;-73;-6;-12;-59;-17;-10;17;-8;-47;29;15;-57;-43;-2;-21;42;-29;10;-9;-47;50;20;4;10;-78;-16;-9;-19;15;-25;-29;6;-17;5;-46;-8;-19;-20;26;-24;-16;-2;37;49;-4;26;28;36;-37;-70;16;17;-42;6;-19;-43;18;3;21;-7;-36;-52;4;-7;36;2;-56;17;46;-17;12;8;-34;-7;-16;63;-48;-12;-13;-7;12;21;-36;6;-54;17;-36;-55;-127;-20;37;73;1;-109;-15;7;41;-8;16;-65;34;23;-40;-74;-11;-20;-12;36;-62;23;18;9;13;7;10;25;-18;-4;29;-47;-101;-12;-27;10;-52;-22;-58;37;-55;-46;-27;-14;10;48;32;-43;7;-11;-7;-5;-48;-33;-96;-5;-71;-98;-42;2;55;36;-44;13;-68;-10;0;55;33;-102;62;-36;26;-39;39;-121;79;-35;-52;-17;31;-65;48;-72;35;-102;-8;-85;43;-30;-126;10;-49;27;-64;19;-5;28;-53;-79;52;51;3;-21;-83;-37;20;26;4;35;2;39;-23;37;-16;2;-76;-95;34;56;-43;-47;-95;16;21;-30;-42;34;-82;12;16;-60;29;19;-97;-93;-49;-78;51;-117;-2;35;-39;-79;0;31;-4;-107;-98;-47;36;-39;-69;-62;28;27;3;-1;68;-79;-39;66;5;4;-58;-125;-16;-16;-47;30;83;-27;-74;-107;62;-33;-72;-85;1;9;36;-115;-65;86;-33;-27;-19;-7;35;31;-71;-25;-95;39;-65;46;82;-40;52;28;-43;31;-36;24;31;61;-120;-123;45;15;38;-125;-109;-53;-37;-21;-45;-28;21;-7;-104;52;-73;27;-61;36;13;44;40;-94;-64;-63;2;25;-76;-127;-95;-82;14;-113;64;-120;-31;-90;-20;-51;-25;-13;-26;-9;-109;58;-15;69;39;50;-92;-67;-92;16;-66;-49;-81;71;20;-40;33;-38;-3;-55;-66;-28;-104;-50;-62;44;-34;62;-80;-29;-68;-43;19;29;43;-8;-46;12;-95;-33;52;-6;0;-25;-70;-81;78;-62;-66;-36;-9;-125;-79;-72;80;-101;-51;24;-86;-8;-77;0;-61;-17;22;8;5;44;-90;89;16;-80;-31;43;-20;-69;-88;-35;90;6;20;-80;-86;1;51;-40;-98;-94;-1;-15;-109;25;-80;72;-64;-113;-33;21;-18;60;-73;48;-85;-35;-1;-55;-76;8;-72;14;-6;-89;-66;25;51;-57;-58;57;4;-8;-3;-8;-25;24;6;54;40;-73;2;73;-64;78;-103;-68;41;-80;45;-44;-21;-18;-21;-113;-80;-97;17;67;-31;-99;93;-113;3;3;-73;74;0;-117;-109;-47;99;-116;40;-108;12;-26;29;-8;-36;6;94;-73;70;-105;-124;-77;83;47;-55;-50;-2;-90;-83;-59;-23;-73;39;-78;-66;-4;-103;-38;23;-75;-71;63;-22;43;67;-59;22;-80;23;8;-29;51;-69;-111;-14;57;-56;35;-14;-62;67;-86;66;-5;-96;40;-3;68;-59;-98;5;-74;0;-100;-50;91;45;-37;-58;-92;-73;-75;-84;69;-34;-93;67;75;-47;68;-72;-28;-110;-16;22;28;-96;-17;-103;65;-122;72;-95;30;-98;-114;-67;-18;-91;-19;-57;83;-61;-96;-34;13;63;-3;-82;-26;-70;54;13;-46;-120;-56;-16;-24;63;-73;-50;49;-98;28;-39;-4;-7;32;49;-41;-65;-85;-78;18;38;-69;-75;18;33;12;-46;-44;43;70;60;-91;-121;-102;-106;0;-92;-1;-110;-44;58;57;45;-72;52;-22;69;88;-115;-29;-61;-71;-46;-48;-34;-86;-125;33;32;-13;-89;7;33;-85;-30;-4;33;-88;-80;-21;-48;-21;-18;-13;-44;-107;30;-127;-84;7;51;86;-66;-9;15;-59;-2;10;13;5;80;-28;-11;-58;65;11;18;-91;40;-104;-121;-42;-78;-48;-1;12;-33;16;21;85;-50;-18;-16;-28;2;1;-4;2;-37;33;39;-25;-37;15;25;18;-30;17;-3;-44;22;28;12;38;-34;3;35;-53;-27;-40;-19;1;15;12;47;68;20;1;-82;13;101;-69;-12;51;66;-1;20;-17;24;-1;4;29;2;-29;-5;48;-55;-32;63;50;5;34;-34;-36;11;110;-22;-45;-84;47;-31;26;-53;-37;-9;10;52;31;-19;-13;22;-33;0;-30;-32;-12;-4;-42;17;24;-32;-23;20;70;26;-94;-80;24;-48;-13;-13;-44;-44;65;5;59;18;-7;-17;-84;-86;22;-79;100;14;-34;-30;-33;-54;-49;83;-11;-45;-32;-43;-5;84;11;-15;1;30;-44;16;-46;-8;-62;14;14;-29;10;72;66;-27;4;44;-31;11;24;16;2;89;21;6;-26;17;-35;35;-72;-5;44;66;-90;61;-15;39;-33;-17;-20;17;-38;49;-16;-26;-26;-127;48;-21;-18;97;37;29;7;-8;9;-75;1;-8;38;-40;35;-19;-13;-20;-24;12;16;9;-76;46;-11;53;25;12;29;3;0;33;-30;-21;19;-15;45;-26;29;-51;10;18;-13;-56;53;-25;14;18;34;18;-30;47;-5;-25;5;8;-13;-15;19;52;-11;31;13;21;16;6;-21;-66;41;17;-13;-38;-25;6;-11;18;-16;-32;-15;-2;16;-2;50;-1;9;22;39;15;-6;11;-28;49;-18;-10;13;-33;57;11;51;25;-1;28;30;-8;-11;-16;37;-60;63;6;-4;28;-4;29;-4;-11;11;-16;-10;-5;-29;-26;-3;12;-3;-30;14;7;13;15;-19;-21;-2;-12;-34;26;-36;-2;-25;35;-117;-41;-36;11;-46;24;12;-21;-7;19;-29;16;-1;34;12;38;-16;8;-11;10;10;2;20;-55;-42;-18;12;-28;-14;-13;58;-19;12;65;13;-24;40;11;-55;-11;-33;20;31;9;38;64;31;34;3;-43;-47;-65;21;-19;27;9;33;5;31;33;-4;-9;-11;-33;-7;10;-27;2;19;-54;35;17;-4;6;13;52;44;-3;-47;7;32;-15;39;59;-11;20;0;35;41;0;55;31;11;-37;1;45;41;-24;-51;32;-76;46;-30;1;6;-28;19;-5;-25;-21;-62;-31;10;51;20;127;-1;-38;18;12;-64;29;-67;-28;11;-25;37;-36;2;-23;-60;5;-24;-44;-1;-54;-5;44;22;-26;11;-13;-2;9;-22;66;14;-67;-2;80;4;-10;-17;-23;7;-14;0;-33;16;4;-17;-25;68;-15;70;7;-14;6;-6;-17;-28;-6;-38;23;-13;-17;-13;-30;-23;-21;-21;25;-23;-4;-4;19;-47;-1;3;-4;8;37;68;-40;-39;-20;31;12;12;29;1;37;-7;9;19;-90;-37;-21;47;6;12;27;-33;75;-2;-15;10;3;-52;48;18;-8;-32;-57;-76;9;-12;28;-46;15;32;-70;1;-3;-22;11;-26;3;58;-16;-2;-2;26;-62;-14;-2;22;-12;11;-20;-45;-29;-22;35;2;37;-46;-82;-63;-59;-26;-22;-43;-71;-28;-77;-60;-76;-7;-33;-86;-47;-63;15;19;7;9;-51;-71;-66;-24;-95;-68;-68;27;-70;-84;-20;-78;38;-100;-44;-16;60;29;-60;6;-68;62;-64;33;-58;3;-106;-2;49;-29;-22;23;61;58;18;-53;10;-10;-28;-70;-76;-6;18;-46;26;31;-104;25;-57;4;-93;-69;-81;-60;-5;62;-62;-59;28;-15;27;-46;-30;78;9;-35;31;-68;-77;-31;-71;15;70;-94;66;73;-38;43;25;-46;-77;58;10;51;-35;51;18;-36;16;-16;13;-41;-30;-2;33;-56;-80;-65;-74;-24;46;35;3;7;-71;19;4;-42;-89;-60;-47;-21;-41;-69;23;22;52;19;-3;-84;60;-44;-67;62;-44;46;7;29;-88;-16;-16;-98;-14;-127;8;-18;-107;-16;-60;-76;-26;46;-23;-81;-42;-66;-82;8;70;3;43;-16;-16;-70;49;-29;-3;-51;-51;-25;-107;31;13;-5;-82;-2;30;39;24;-67;-88;56;20;-16;-103;23;-42;18;-115;49;-27;-9;-20;49;60;-75;4;-30;-60;26;-54;-3;-44;-36;17;-33;50;-48;30;-69;16;-32;32;-70;39;-64;-11;17;34;-36;-29;31;-78;-50;-20;-41;-4;-39;42;-44;23;-22;-112;29;-25;25;-51;-3;2;-76;25;-55;-86;-26;-123;-28;15;-16;-109;41;-30;38;41;-78;-75;39;21;-21;48;2;1;-80;-53;17;-21;-65;78;13;-76;-69;-21;20;23;-62;-92;0;4;-18;-64;-86;17;53;45;-79;40;-79;-11;27;42;-88;19;-21;-112;-74;-81;0;-30;-77;-74;21;-115;27;-85;-51;27;-64;59;-13;-125;-116;35;-126;2;-28;-102;59;-52;-20;50;-72;52;42;24;-13;-107;-45;-38;23;-89;23;37;-6;36;-52;-21;-81;-6;-53;-32;-14;12;-113;-40;-81;-79;-80;67;-39;-42;37;-115;-23;-1;-112;8;41;-101;-43;90;-12;-99;-101;46;-87;-17;6;106;-11;-70;-107;-13;-112;-1;83;-5;15;57;-47;74;88;26;14;59;39;-44;-115;-56;14;69;-53;-106;-59;-29;14;-114;-40;7;-22;47;59;-15;-88;-69;-38;-78;111;-32;-102;-86;30;22;-72;-92;44;-104;-26;52;-28;45;-45;37;-22;-127;-31;-65;-17;69;36;32;-19;-74;44;18;68;25;-83;-34;15;13;58;-28;-4;-9;-85;-80;-98;-120;-91;-93;44;25;-56;-41;-95;-92;8;61;-38;44;-100;64;-84;41;51;-56;-10;31;12;35;41;-47;35;-47;-3;14;-5;72;5;-63;-4;-22;-14;-37;4;-49;60;-107;-98;-95;-62;-74;-16;46;32;-13;54;-45;-88;-76;-87;-9;-24;19;51;-88;-27;-106;-11;-4;74;-103;-78;81;-34;-71;-109;-59;-57;-29;-92;-46;-46;-34;-58;-51;-86;-64;47;118;-78;-91;45;-77;24;88;30;-14;-83;-64;-26;37;13;34;91;-81;-114;-69;33;-13;39;17;78;-102;-59;-67;-68;-42;37;-71;-64;-61;36;-70;-111;-75;-94;24;-39;-34;26;-42;35;52;64;-48;-26;23;29;-72;-32;-46;-3;10;-31;7;-72;27;-14;-62;21;-38;-89;-35;-53;-87;3;-51;65;-53;-79;-79;-41;-28;-58;-44;-3;31;29;43;-40;-4;4;50;-31;9;-62;-78;74;6;-3;16;-25;-98;-85;-5;28;19;-66;16;1;-13;-80;-94;-3;-32;-25;-127;-8;62;24;-11;-58;-64;38;-47;59;-55;-108;-11;-44;-4;-24;-104;-47;-10;-39;-107;-94;-45;-81;-29;44;46;-97;-9;-55;-46;-66;-71;11;-64;-73;36;-48;-89;-56;-61;-63;-46;-43;20;-4;13;2;24;-34;-15;-85;72;-14;-6;-71;-81;-64;-70;-23;-10;-76;6;-37;21;-12;2;-2;-43;-37;-50;-43;-17;-35;25;-32;-67;-63;-9;-72;-38;-10;-94;-52;-70;40;-47;-25;34;-26;9;5;-44;-70;-1;-52;27;-46;-39;-70;28;-25;9;-102;-53;-59;-4;21;-3;-70;-66;45;-84;-53;-20;-3;54;-40;1;-7;-10;46;39;46;-92;5;37;-38;22;-5;-73;-47;-54;-58;-68;-3;-67;-69;8;26;-71;-14;-45;-103;-86;-49;-14;8;23;-40;35;25;-44;-4;-58;-14;-79;18;-68;42;-45;-65;7;-7;-33;5;-17;-100;24;-95;1;48;-16;35;-101;63;-22;11;-66;54;-21;-39;-16;-5;8;-29;-47;-67;-51;13;-92;-6;-57;34;-34;-34;48;-42;-74;-72;-11;-39;26;-8;-29;-30;-75;-6;-72;-11;-30;39;-9;-24;17;-56;16;83;28;-86;-12;21;-93;61;-47;61;15;-5;-22;46;-20;1;-96;-81;-79;-64;-36;12;54;17;-57;-34;-30;-61;-72;40;-97;-80;-17;36;-36;-66;-45;60;-31;16;-53;21;-33;-14;57;-78;-78;29;-66;-33;-56;-24;-42;65;69;14;-68;20;-89;20;-64;-87;-25;42;-42;35;48;-100;-19;60;-32;44;17;58;-40;14;1;-70;66;16;21;-12;51;-33;-30;-4;-77;34;-74;26;16;17;16;12;-28;-97;68;73;20;-92;-60;-92;-88;37;-15;-3;36;5;-62;-38;-34;-50;-81;-15;2;-110;55;-44;43;-6;41;34;-64;31;-81;59;27;44;-87;62;28;-53;-64;45;-29;70;-83;48;36;-83;78;6;20;53;33;19;-34;-75;-68;-50;44;27;-46;-66;17;20;37;66;-27;40;32;-113;-78;-81;-81;-49;-51;-49;-77;-76;-64;7;76;35;-37;-52;37;-52;54;38;-49;-25;-75;-45;-86;-51;-2;-24;-20;-40;18;-87;-29;-50;52;-66;10;-11;-51;-92;-49;-55;17;43;-17;-47;28;41;33;30;-2;10;-55;-8;-73;36;43;53;63;-30;-30;-23;-44;-77;35;-45;-24;17;-127;-23;-9;55;-35;15;-88;63;-60;-25;-20;-20;-44;5;-55;-12;-55;5;6;19;47;-88;29;-116;-54;-49;-5;-40;-65;32;-82;-72;-75;51;33;-29;6;-9;-82;54;-39;13;22;-97;66;-75;-40;-7;-7;-24;10;-21;11;13;-40;-68;-69;39;-113;-89;34;-37;25;-17;-40;-65;24;84;-90;38;-22;60;5;-24;20;-9;-38;4;64;16;-33;-53;42;54;-9;-81;47;-44;20;-29;-112;54;73;35;-22;-44;-64;3;-1;63;-31;-100;23;-70;-41;-38;-66;14;-77;49;7;-6;-85;-93;24;31;-99;-80;-30;-53;32;-75;-15;-52;51;-15;33;-18;-19;-63;-20;4;25;-17;30;9;-9;44;-19;22;-57;-19;4;-93;-92;36;17;13;-82;-48;46;42;-61;27;-7;41;-33;-40;4;10;-24;9;-24;-16;-79;-64;-98;5;-27;-44;6;5;28;52;-74;-51;61;-68;8;4;-113;-90;0;-104;25;-68;21;28;-90;-19;76;-13;-32;64;8;-32;-7;11;-63;28;91;-93;15;-64;-28;103;-25;6;-103;-40;-41;-15;-127;-29;-16;-19;77;-26;25;3;-39;-72;-35;-43;-2;-1;59;102;-91;-60;-14;-8;28;-73;42;-3;16;-19;42;-42;7;-31;70;8;-32;-49;-7;-63;-65;46;-94;26;22;80;-3;-86;-87;58;-55;2;43;-76;-82;-61;-15;19;116;11;10;10;24;-8;-15;-82;-31;-4;-30;-49;-4;23;5;9;-40;22;38;-50;54;-21;-38;54;-55;109;75;-17;-27;-10;35;-12;102;-13;-37;-12;-31;-30;21;69;-70;70;27;16;51;8;-81;-91;24;-39;-29;48;93;20;-25;30;7;86;66;-44;-122;22;20;41;18;10;-109;-5;19;-2;30;20;41;-81;11;22;3;23;10;18;-6;-21;33;35;-29;-66;67;-61;-15;22;50;47;18;80;-127;9;5;-58;-53;59;-22;-24;37;-66;53;-35;34;-30;-49;4;81;78;-50;-48;125;122;-44;20;20;-64;-20;-15;11;-30;59;-23;2;27;-123;-104;-24;-29;95;19;-118;26;104;17;105;-4;26;43;-3;1;36;-7;5;-5;120;38;-24;-19;-4;-45;-84;-48;-43;-72;61;-45;30;-21;8;-52;14;-89;-101;29;-37;35;62;-26;-35;-28;10;19;-61;16;-49;-28;-45;-18;26;35;14;-3;55;5;0;78;35;-69;-107;3;82;31;18;-21;38;-64;-78;-80;-21;13;-27;-3;54;-8;-82;-21;83;-7;-79;25;24;12;51;-31;-40;14;96;62;25;12;-45;-54;8;-51;72;22;-33;73;-80;36;48;18;-71;-25;-107;23;68;7;-21;-38;-30;-29;-23;59;-16;27;-30;-48;11;-4;-39;-105;32;32;-67;45;-4;21;40;5;13;-9;16;24;38;-4;-56;21;20;-30;15;-6;-11;-2;-41;9;56;19;-19;-1;-9;-27;17;-19;46;60;-1;16;100;28;43;112;7;47;10;34;0;27;111;16;43;-29;-67;4;-26;52;-61;0;-6;-21;-24;5;41;40;24;-4;18;-16;26;-18;14;19;-6;-35;22;36;-71;34;-7;-98;-58;-32;-36;-3;-60;-21;-29;32;-1;13;-42;26;18;30;-38;74;-30;-14;22;6;17;-3;39;-47;7;0;-8;20;-12;-13;61;20;-3;52;7;45;-45;39;-16;8;42;-103;-4;-106;-94;27;-2;-33;51;-8;51;-38;-33;-59;-118;10;48;24;-96;-15;65;81;-74;-26;29;-88;111;28;-58;-44;-46;40;43;5;25;-103;12;92;-75;55;58;39;98;16;-75;-67;52;-54;53;-109;-41;-13;75;29;-38;-71;-35;-32;-20;65;-1;51;-13;59;-22;3;61;94;54;-33;16;44;-1;8;-49;-75;-41;25;36;52;-26;19;-58;-53;-64;-76;46;18;23;-35;-55;6;31;13;-29;2;13;47;74;26;70;-55;-37;67;-3;0;-24;37;28;-17;-2;34;-66;-43;-58;-32;-31;-49;71;86;79;33;-37;29;-19;-30;-51;-18;-33;-6;24;-9;20;-127;-65;63;-58;-82;-81;28;47;27;-78;-55;21;10;16;102;-39;25;-13;-102;-43;-35;47;-42;13;78;21;42;-45;55;-31;2;62;48;-4;6;0;6;52;27;37;79;-26;62;-16;-46;-15;106;-21;70;20;6;61;0;-9;75;78;54;33;5;24;40;11;-38;3;6;61;30;-51;61;-15;67;24;-54;-33;-21;-49;-13;-8;12;39;-60;62;59;-57;30;-34;-16;-22;68;55;4;-39;-26;-49;41;50;-76;2;4;55;-74;-22;24;1;-10;9;75;-11;-81;13;-10;-21;13;16;-69;-80;10;22;-21;-9;-105;32;-48;-4;-31;-66;-23;53;17;-64;-33;22;1;-31;-15;34;60;43;-8;-22;68;-98;52;8;-3;-12;20;-28;0;-14;18;7;82;18;-13;-2;64;3;5;-46;1;-1;39;32;-46;-57;8;11;9;0;-80;-17;22;67;55;28;1;35;-35;15;24;-14;-45;-68;20;-54;8;33;1;11;-18;3;1;10;77;27;58;33;-73;19;36;46;26;-73;-34;26;-13;-17;51;-29;-1;-32;-5;-3;55;27;19;-8;-29;34;35;21;4;-39;64;46;-73;33;50;-33;-42;12;41;-42;-49;-75;57;12;-9;40;76;1;56;20;-25;-17;56;-18;15;65;-4;8;14;-120;14;-10;-3;-50;-6;-43;26;-23;8;-9;-12;-63;-35;-36;-16;-34;21;-24;-6;-7;8;-71;-71;-6;39;24;-7;-48;34;-51;-34;-13;47;-24;7;-53;-60;13;-12;-14;13;-13;-14;-30;58;43;-6;-35;3;-15;-18;1;5;36;-6;-21;-77;-36;-73;-28;27;30;24;30;36;-93;2;29;22;-12;18;-57;28;-34;-10;-29;-16;127;-43;-9;-36;-28;16;-21;-11;-42;-39;-19;-30;-39;11;72;-6;-45;-56;6;0;-9;-22;-12;53;-8;17;17;-26;1;-44;54;55;30;32;-41;17;-45;-53;-7;-87;21;-46;-40;-56;-5;10;-8;-14;30;-12;-20;-12;14;37;43;-38;-5;-34;6;10;-41;-17;14;-44;15;-26;-19;5;-44;-20;49;14;44;-23;-40;-22;-16;51;32;4;-22;20;-15;11;42;-12;-47;2;10;-27;2;-11;32;-5;26;12;6;14;-14;-47;37;-43;-13;-45;-8;-10;-68;-49;-11;15;-5;-25;40;-77;-61;-52;-49;53;-49;47;62;-57;63;-106;44;22;-29;63;24;66;-44;-31;-88;-104;-90;-79;43;-6;-58;-119;-29;20;5;-39;-121;-14;-113;35;33;-30;17;-61;8;7;36;21;-99;13;-17;-73;-11;-59;-69;-71;33;-119;7;13;0;41;-93;19;-36;53;17;-9;27;-88;-98;-40;0;-64;-84;14;79;3;-125;-124;15;-56;-40;28;4;-105;-80;-1;-7;46;-126;17;-79;-24;18;11;-102;0;24;70;-49;-12;-116;69;-111;-72;32;2;-31;-1;-52;29;-59;14;29;-51;16;-43;57;-119;40;12;-14;-12;-65;-56;-48;-115;-56;71;1;-10;-125;-69;-103;12;-43;-75;-24;17;86;-57;5;-101;-85;24;46;55;5;17;54;-35;-76;-49;-81;46;-27;24;-91;-30;-23;34;8;-108;-82;-27;-90;-14;-34;-108;-72;-66;30;-35;-59;-28;25;17;64;45;-66;-96;-34;-114;-60;-98;-26;-24;-89;-11;-92;-25;-47;-75;40;-24;14;-107;-98;-86;-77;-20;16;-35;-35;8;-67;-127;-21;-8;-85;28;-44;-55;-56;-74;14;39;-64;-24;-74;-115;-40;-38;-82;-75;17;-124;21;39;34;75;-116;10;-91;29;-67;-105;35;15;11;-26;45;28;11;-3;33;-3;-47;47;-62;-7;-14;49;18;38;54;47;-5;12;-1;27;-58;-54;-18;-6;47;-14;-20;-67;48;-62;10;-40;-33;-9;45;2;0;-35;-48;-67;-8;58;-24;-73;20;-4;7;1;8;33;-15;28;-3;-7;-43;0;7;-40;-37;24;9;-7;27;-60;2;-37;33;-14;-53;21;11;-19;11;-7;-70;-20;10;9;15;58;-71;-6;-23;10;-56;-21;30;-49;24;14;18;28;-12;-6;25;36;-55;-5;7;36;66;-35;22;-51;-14;78;12;-8;-58;-41;32;-17;-29;28;-16;-26;54;6;-6;13;-31;-30;8;-8;-70;-70;-9;43;37;-43;127;-116;54;8;-53;-50;-16;-84;-60;-26;-26;22;19;26;27;53;-4;-52;-13;36;-23;57;18;20;-22;21;3;29;-17;6;-3;39;-27;-21;13;51;-27;-75;-20;-31;-11;-25;14;-3;-84;120;33;-16;70;26;-29;-21;27;57;-9;3;13;-2;-5;38;-6;-17;12;7;47;-24;33;-42;-35;32;17;59;54;-9;4;-2;-14;82;1;1;-28;5;38;10;-9;23;-49;-54;1;39;16;-1;-34;7;-29;-59;58;-10;-30;-18;14;-10;-61;-13;62;40;35;32;-56;-32;44;26;14;-42;-17;25;-18;-7;-40;-46;-1;16;-32;-29;-12;11;-38;1;8;6;-14;13;-54;-20;-29;-10;5;-21;21;-23;-7;16;6;5;10;-59;-27;-6;-4;18;-11;36;30;23;-38;-11;-10;-16;28;-41;-10;-35;-18;-28;-44;6;5;54;44;-35;29;-49;-29;-17;19;-40;36;-49;-19;-4;-35;10;3;-35;22;-35;40;10;7;-12;35;1;15;15;12;-42;-8;8;-6;44;-19;4;-7;-23;-62;12;-33;-50;16;16;6;37;48;9;-51;10;-38;32;-15;-12;31;-56;-9;40;-2;16;-75;-50;-80;13;11;-44;-53;-42;28;8;27;48;25;-78;-90;-17;-24;16;-41;31;16;-1;-11;-58;46;-53;-27;-63;-6;13;-12;-33;-77;-29;-38;-26;3;-31;-45;-32;-10;-32;-44;-73;-13;-26;-81;14;-20;18;-7;-60;-30;43;40;6;13;34;24;-32;25;-44;-43;12;32;35;-71;7;38;-70;-53;-19;35;38;32;-45;33;-61;-18;-7;-16;56;-9;24;-45;0;33;-29;-63;30;54;-57;-10;6;9;-30;-29;5;-64;-27;35;-79;-47;10;-24;-40;43;23;41;-68;-76;-56;-37;-2;-11;-36;32;-9;37;-43;26;13;-34;-23;-4;-58;8;-4;11;-72;-60;15;45;42;35;-6;-45;-51;41;-43;15;-16;-60;-70;2;-7;-71;-58;-36;-46;3;10;42;21;4;-57;-29;39;-9;-9;-12;-69;-43;28;-68;-61;15;0;-19;-12;-55;12;11;-22;-7;-55;-68;3;40;-12;45;3;65;-35;12;-40;5;-82;41;-46;-1;22;-17;-24;-69;-42;-63;-30;-20;16;0;47;13;-9;-57;8;-61;-10;-54;33;-18;33;42;-34;-61;-54;48;0;42;-53;-55;-13;-127;-50;-68;-24;9;-64;2;-43;10;-48;-58;-18;-18;-56;-41;-55;-7;-16;-15;9;-33;16;-61;-63;-5;-29;-1;32;43;-30;-42;1;-109;-55;-69;-8;18;-25;32;6;44;8;-63;26;-85;69;-34;-67;-19;31;-92;-47;9;-11;22;-20;-20;-5;-6;5;-71;-94;-19;53;29;-69;-48;-21;-68;35;41;-41;28;5;-52;-46;-75;-63;14;-84;28;-63;51;21;-57;23;-2;53;18;31;52;-39;-20;-81;-9;-63;-7;-64;62;-57;-59;56;37;-99;-41;37;-65;33;-101;-30;45;-8;-71;-102;-41;-36;-58;-41;40;-51;-46;29;61;-52;-68;-40;-7;-92;1;-31;-16;-56;4;21;-41;-75;-2;33;-55;-82;-8;43;-92;4;-78;-39;7;-46;-62;-21;20;-61;54;-19;43;-105;-38;-105;57;-35;1;36;-18;-12;5;27;-7;-119;18;-3;-36;-5;-7;-12;5;4;27;49;-32;-21;-75;-37;52;-32;-37;-76;-5;-52;-35;-44;12;36;-29;-25;-78;-105;-55;-49;-68;35;12;-100;18;-12;38;18;9;18;-49;-72;-33;7;-60;28;-46;7;69;-48;-95;64;-41;19;-61;61;-37;-89;23;11;30;2;-3;30;-17;-1;-55;-48;1;-29;-69;22;10;-73;-53;-9;19;24;-88;-27;-8;-99;-8;-43;21;-2;-66;-25;-46;-12;26;-38;12;-34;-37;-62;46;-37;-61;25;-52;20;-71;-44;-127;-7;6;-29;-36;28;30;4;66;29;-8;-48;-71;-103;12;-33;-97;-35;-68;-61;72;6;-7;18;-68;-71;12;27;-49;26;-61;-15;17;-85;15;-85;-65;-26;-94;35;25;-44;-65;-76;-19;6;-65;-73;-33;34;-2;10;38;12;21;-81;-21;-68;-29;22;41;-52;-7;-24;31;11;-14;-101;-58;3;36;8;1;29;35;-15;-87;-15;-31;1;-25;37;-80;-10;-38;-118;30;-34;-100;-63;3;-111;-53;-28;-83;6;60;36;15;-12;56;-75;-74;43;15;-20;-37;-42;-74;-70;56;-31;-65;-17;-39;8;12;48;-38;-39;100;-16;-83;-72;38;55;-5;-71;-127;-89;-45;-79;14;-36;17;-49;60;23;3;-111;-93;-67;47;-13;-92;-102;-31;18;0;-53;-101;33;-92;-117;5;-83;-50;30;74;-50;35;12;-2;-33;20;70;-63;-15;68;5;64;-90;-110;-12;-79;68;70;-3;-96;-111;-83;-88;-50;-71;-55;-66;-92;-25;1;-3;40;14;-32;3;-65;-65;-30;-41;28;80;10;-121;-10;30;-69;-49;-49;-57;10;30;-114;16;29;-68;-24;-105;20;-49;-58;8;39;54;8;-58;-11;-78;-36;4;-38;-21;-23;18;50;-9;21;-21;-17;-64;32;48;-42;-87;-20;-30;-83;-117;16;-107;-50;-78;-69;9;-125;49;-25;-121;26;-90;50;-4;-12;-89;17;-50;61;-33;39;41;-47;-53;-4;-54;2;55;-75;-113;38;41;27;-58;-58;-41;24;-40;-80;-5;8;15;-5;34;-1;-51;-98;-102;-16;-74;-63;-121;-46;-105;-34;-9;59;-82;-80;-4;28;-64;-106;66;44;-45;24;-45;-12;-97;-2;23;-30;-28;-105;-65;-12;4;-16;25;28;-24;18;34;-70;-55;-3;-56;-15;-45;13;-77;88;-51;-34;-74;-43;-81;-48;-42;4;17;89;32;-59;-45;31;26;-42;42;14;-81;-14;-32;-48;-73;-6;54;51;40;19;30;-53;13;-16;7;6;-1;0;-31;-92;6;-37;-84;-48;16;-14;-49;-67;-3;-14;49;-43;64;31;16;-51;-36;19;-85;5;18;-5;31;50;26;38;-3;42;-126;-49;65;8;-1;-74;-34;28;11;-49;9;-33;11;-26;0;57;-25;-45;5;-48;-28;-13;-73;27;61;15;-25;-55;-2;91;53;-22;7;17;-30;-22;-35;-99;-17;17;34;51;-37;44;2;40;-127;11;-24;12;-7;10;90;-43;2;61;-98;-44;80;15;31;-32;-50;17;35;-46;-69;10;35;-23;-72;81;-37;22;-114;-56;14;-29;-60;12;54;25;-10;19;-44;-105;102;-17;-42;-71;32;29;51;6;-62;5;21;40;79;35;5;-1;20;-31;32;38;-19;-57;78;52;-13;37;90;-6;26;37;27;9;-24;-3;47;24;66;38;9;6;0;12;9;9;7;13;30;7;-10;-59;6;-66;-16;4;-38;13;-39;-6;-72;45;-20;-3;-90;37;-47;48;-34;-2;-42;-1;36;-62;58;24;-40;-36;-56;50;20;2;-87;-32;94;44;32;-58;25;-75;-30;-3;-57;40;56;13;21;40;-25;-77;-30;-63;-42;-8;21;-19;-29;1;-17;23;-8;-78;-41;79;-4;69;-101;-70;44;41;-30;-6;18;-67;5;-79;-5;-23;-85;24;16;10;-1;23;-17;-29;-32;-6;21;20;36;-19;48;-58;-72;33;-29;72;-79;-21;-11;-5;28;-108;-5;3;-8;14;40;31;-16;-55;-5;34;-17;-53;-85;-17;-54;-23;-27;-79;-104;57;-8;-4;29;39;-4;-59;-19;51;39;-43;-73;21;73;64;-13;-47;-75;21;-98;-3;-70;-71;-48;56;-7;-36;16;-27;0;-14;-43;-72;10;-2;-110;-54;0;-20;-35;73;38;11;53;-43;100;-14;-64;-41;-35;40;25;14;-26;-83;-41;18;-37;15;-56;-34;-27;60;-13;-28;-51;28;-35;-45;37;18;-45;-7;-63;42;14;-88;-93;-71;43;50;-56;-1;97;-7;-56;20;50;-88;-20;-50;-10;50;-95;-35;12;-31;-54;82;-8;15;59;26;46;29;-10;-41;60;-4;22;-65;5;-49;36;21;51;-16;7;8;9;32;-48;47;71;-2;-24;-47;-77;-72;-83;-45;-91;61;-86;-119;18;39;14;-17;0;-11;59;2;-86;-25;6;-39;93;71;60;86;48;-74;25;-21;10;-14;48;16;-12;-63;-62;70;2;-30;10;-4;-32;5;-107;-37;53;65;-1;-41;67;-127;15;-20;-2;-28;-34;-34;0;100;48;-85;3;-69;17;-37;-23;12;9;-46;43;-81;-96;58;-39;-2;50;-77;-25;38;24;-48;-76;0;-55;10;-16;-17;-78;2;-16;-66;-28;-18;29;-22;13;-81;-40;31;-72;22;55;-124;24;58;4;-24;-10;-30;-47;-61;-21;68;6;-41;-46;-12;36;-25;-72;-91;89;15;49;-70;-2;-6;-15;-54;-24;34;-66;-61;-43;6;-28;31;22;7;66;-22;69;52;-30;-2;-13;21;-1;25;-10;22;5;74;6;-40;19;32;-7;-41;2;14;-13;38;3;-37;-5;-4;-15;-6;-19;-49;35;-6;14;65;-92;37;25;41;-66;112;-10;-54;30;-26;-37;14;19;52;16;20;49;-72;-10;-27;8;-35;17;-6;-75;5;-13;-49;-3;27;11;-28;-13;-26;61;66;22;28;7;18;14;15;-20;-51;28;-5;-21;52;42;0;-8;-32;-23;-29;-18;-45;12;-1;-28;-36;21;-54;-17;-64;11;-87;82;-13;6;2;-8;2;-39;-23;0;7;22;46;-7;-8;92;-43;-42;15;-59;-6;-78;19;-37;-61;-5;1;26;-42;-5;-127;17;12;22;-25;-15;-17;26;-39;-10;-51;19;-37;60;89;-34;34;-17;-83;-26;33;-15;-28;33;-26;23;25;-1;-26;-28;-29;-20;-15;-39;24;27;-24;-43;23;37;33;7;4;-2;-18;49;3;31;-75;-35;2;44;24;50;1;-53;49;4;-28;12;-13;16;-37;8;11;25;48;-45;-20;47;1;37;28;17;-35;-47;14;-7;-11;24;11;-13;-7;-6;-3;82;4;24;-33;14;-15;-30;-39;13;-22;-54;-82;73;3;0;-38;70;7;-15;8;21;-50;-31;-27;2;-8;34;3;47;-34;-23;-24;-56;8;-3;17;45;-4;4;39;5;19;28;-19;37;60;47;-32;2;9;3;22;49;-4;-49;12;2;13;-5;-30;-11;19;13;37;-32;14;-6;-27;34;-27;-50;41;22;-87;-47;-57;5;-99;-19;-21;16;-69;-57;-28;12;63;-89;-55;-59;65;-80;-57;-108;-71;-69;47;-12;-41;1;-8;-85;39;10;-59;-66;-45;-18;-78;-35;-76;29;4;-59;-44;51;-26;57;-72;-127;-79;-57;-52;-34;53;-103;-14;-34;61;-54;-31;47;-67;41;-24;-52;-16;-3;-110;-6;-30;-66;-40;-35;-28;62;18;-24;20;-46;46;-117;-30;-17;58;-56;-20;1;-17;-48;16;-60;-23;48;36;40;-19;43;-55;44;-7;-32;32;54;43;-43;-49;-87;42;-96;-5;-45;-70;25;26;-73;-10;-57;32;30;-2;-96;47;-27;-65;8;18;1;27;-78;1;-72;-37;42;-51;-12;8;-75;47;-22;-20;-18;-26;17;40;-84;-82;54;28;43;31;-22;-67;15;-68;-32;-47;51;-92;-73;24;11;-44;-39;-9;-58;-3;-34;29;-28;60;-84;23;24;-62;63;-40;1;-10;39;-22;-54;8;-12;30;-13;-15;-61;-34;62;36;19;-101;-79;-34;36;22;-72;-60;-24;-30;-70;-49;-55;-50;33;19;-45;-44;-82;45;-30;-115;-1;-72;-41;-72;-32;15;34;-75;5;-59;-11;54;-13;1;19;-14;-60;-43;-80;65;-54;-10;-59;26;-79;56;-52;-79;-71;-35;60;-25;-23;52;0;-101;-32;-62;40;64;11;-74;-67;37;-70;52;-49;-20;-73;-35;37;-64;40;24;-25;7;6;-42;-26;-67;-34;-45;-9;-7;-74;-85;-74;-64;-60;-18;-103;-77;31;-30;-8;49;-68;-44;-1;-47;-85;12;27;-37;27;21;2;41;14;-16;-76;-24;20;11;32;-42;-14;14;-127;-57;-27;46;54;-28;5;-23;-78;-58;12;-2;33;-6;90;54;-43;-3;7;-94;-21;12;3;-10;-24;39;-60;53;-72;-41;-11;-89;-43;14;-11;-31;-24;0;8;26;-26;5;-2;-46;-14;27;-1;11;-40;10;0;85;0;26;24;24;32;-52;10;-36;-13;57;-49;-38;55;-97;-44;2;2;3;33;-35;7;9;-38;63;-63;-18;-48;-48;32;-39;24;-48;-26;-42;20;7;4;-115;8;-1;-76;80;105;44;21;89;-29;-20;19;-28;0;59;-48;-20;-5;-40;-45;-52;-54;5;2;-46;-30;-56;57;26;32;6;30;-14;75;5;-1;31;32;-69;2;43;-28;-49;-38;-39;-115;3;10;46;-33;4;-24;-15;-44;-42;59;23;-15;-36;-40;-19;-31;-52;-52;-86;21;7;14;66;-8;-34;2;-13;-48;32;-30;38;43;48;-27;20;-11;-4;23;-22;-44;29;-24;0;79;-36;-60;-2;-9;-8;-24;-10;-70;53;30;-3;9;-19;4;-31;-82;-63;46;-76;7;-37;-54;-2;-27;0;-55;9;32;-26;4;-50;78;24;11;11;-18;-29;47;-52;-86;3;-25;21;-6;-78;8;-75;-34;-43;-36;19;-38;34;-57;2;-74;-34;6;20;-53;-33;-27;-66;11;-16;20;-32;-15;-37;10;-9;-22;24;21;6;-24;-1;44;-29;16;8;-16;-7;14;16;-9;-56;40;-11;-51;-37;73;-7;-31;-3;26;-48;-1;-2;-26;41;12;38;-18;-37;-4;-17;15;9;-15;-24;-14;28;-50;-2;35;-7;-41;-3;46;-28;14;-48;-37;-50;8;-40;9;-22;0;12;-23;24;-57;-68;-18;-84;0;52;-56;32;48;-9;-41;12;-41;-56;-13;-78;-8;-47;-17;34;14;-20;10;8;22;-2;-14;-33;-33;68;70;-23;9;-1;10;-20;-21;-33;-7;-6;-28;45;-21;-31;-9;-50;-9;-59;-47;8;56;80;79;-23;-11;-20;6;-93;-41;-51;-6;11;23;44;14;26;-67;46;6;-127;-15;-53;-15;-20;52;-3;-12;24;-41;16;53;-4;101;65;-18;-4;54;-35;47;44;-18;11;-21;-3;3;-8;48;26;-19;-76;-64;-66;17;-2;8;-46;18;-6;62;12;-1;18;-10;27;-6;41;12;-58;2;-10;3;34;-49;-75;-29;-7;-62;21;-40;35;-47;-25;-9;-12;16;-89;28;7;30;-9;7;-20;-10;-13;19;-55;-4;25;59;-6;-10;-38;-79;22;26;-69;29;20;-80;29;-20;-13;40;67;-2;3;-31;-13;70;19;82;-70;-10;-1;-37;-11;13;65;26;24;13;-7;-47;63;19;-5;2;27;-48;11;-30;37;-9;-4;-84;32;-91;-30;-9;19;-46;25;1;78;83;51;-39;-25;-26;-1;115;24;-45;-9;18;48;-1;-5;7;-3;97;-20;28;41;-20;48;28;14;66;-9;85;76;52;14;-57;15;74;-49;-7;3;-75;21;1;10;14;1;-22;-48;-19;-28;-72;-89;43;-31;-94;-8;-77;16;-16;-31;-2;-85;17;-61;-49;-16;-75;-45;-92;-14;18;-70;42;-2;63;0;-15;-66;-33;-54;-74;-20;58;-58;-24;-62;8;32;-52;18;-80;-50;-77;-35;46;-64;-5;-18;26;-44;18;-10;-43;12;35;-80;-69;4;33;-90;-52;-61;-43;31;-79;-1;39;-71;-72;-50;10;-3;-74;-69;-60;4;-82;20;-80;-127;26;46;-73;30;-50;39;18;-50;-42;36;-73;-90;26;-6;-72;0;64;44;-11;-24;49;-20;-13;17;4;28;-4;-35;5;15;22;-33;-31;26;-83;-28;-8;-51;15;-47;-33;-7;20;-4;-27;-19;-7;-62;-33;-6;-18;70;1;-7;-80;37;-27;67;4;17;-39;-34;2;-71;45;31;65;-75;7;-67;-30;0;49;9;-72;-81;-61;-38;6;-56;10;-77;6;10;-28;19;-39;-14;-1;-34;1;10;-47;-62;-69;-44;-43;0;-34;36;-79;-64;-101;1;-20;-54;-11;-74;-71;-8;63;14;65;-26;9;37;-79;7;-36;-47;-68;-27;-49;-40;47;-63;29;27;-15;-78;-14;-4;16;36;-58;-27;-65;-62;-76;-62;-33;-43;56;1;54;-5;36;-14;10;-5;-12;-55;5;4;-63;-74;23;39;31;-39;-13;17;-58;4;-64;-1;24;21;-104;-48;24;-22;-75;17;46;-61;13;-66;-13;68;-52;4;-53;59;-44;34;-60;44;-56;4;32;-3;-60;26;-33;-11;-31;-21;-23;-14;10;69;10;1;-3;-26;-51;-38;0;-25;-82;-4;-35;-16;25;39;13;7;22;33;-9;7;-25;-13;-28;-11;-51;-39;-12;-9;-54;-72;-4;-20;-15;-25;23;11;-58;-50;-7;17;24;18;1;26;-16;17;-36;-9;-3;96;-46;-11;3;-34;-17;-57;35;-28;-16;-46;-39;-59;-27;-38;23;-58;46;-7;-36;14;7;-20;33;25;47;16;-47;-37;18;31;44;33;4;64;7;-74;-63;-18;-59;23;-13;-27;2;4;9;-8;-31;-51;-51;-39;22;-27;-55;-58;-47;20;-37;-31;-14;-6;17;-15;-2;-20;-5;15;-1;-12;-34;-54;9;-1;2;-36;-14;-61;15;56;-5;17;-50;-19;-25;-48;-21;12;-53;-2;-16;65;-37;-1;-9;28;127;-16;-21;81;-45;-19;38;-70;-7;-41;-35;-27;-49;-41;65;4;4;-79;-6;16;63;27;-9;-14;26;-15;19;31;-69;-4;34;37;44;17;46;79;23;-29;24;-33;46;-43;6;-69;-8;-14;1;19;-10;17;67;54;3;18;13;-9;-19;29;-2;2;17;58;-38;-13;27;10;5;-16;48;3;11;-32;77;-16;-63;-7;-57;-36;17;-35;-41;6;37;62;-15;-37;-4;45;-20;31;12;30;-15;63;-26;35;31;-74;-7;71;48;-13;55;-17;-23;63;-64;19;-48;-26;9;25;-62;8;5;70;2;-28;-28;60;28;15;42;38;-20;24;-60;37;49;-52;63;24;7;-3;-1;-10;76;62;-19;15;9;-71;-60;29;-59;-6;-7;-73;-20;-28;-40;-60;11;-34;-49;-5;19;127;29;-19;-76;28;93;-7;-80;26;-1;-68;4;7;18;-12;-34;13;-18;-5;28;-24;-53;-18;-93;9;-51;71;12;51;84;71;-95;-3;-6;72;-7;114;17;-56;-54;-16;-11;-17;42;-94;-54;-64;-32;-11;35;-9;12;43;-3;-99;-24;64;-2;-26;6;18;-81;-85;-21;36;28;-113;0;-103;-7;45;-64;-7;-37;-11;-73;8;36;-2;67;12;-24;41;5;2;34;73;-60;-30;40;20;18;108;-1;37;50;-31;-41;-39;75;14;14;-19;-6;12;12;-7;6;42;-59;-8;29;0;18;79;-7;-72;66;-15;10;-5;83;16;37;-40;31;-21;-9;-36;-81;-49;40;-37;-10;-3;71;-61;-31;1;-61;15;71;53;39;22;-32;-9;-108;-8;29;-58;-35;-6;-35;29;79;11;-37;-21;42;2;34;-18;-18;74;-34;26;-55;-33;12;-74;-56;-2;32;-1;-55;-5;-9;-18;2;-2;-72;-50;20;-35;39;-16;-16;-29;-31;-98;-6;-35;-44;34;-3;12;47;60;-95;64;-93;-33;12;-8;-30;-19;87;-68;-3;-17;-4;-2;-42;-57;15;-56;29;47;43;14;-28;10;-32;-69;8;-12;40;-21;64;46;-107;8;-65;-32;-8;-22;-45;-52;31;-8;34;52;-32;27;35;-14;42;79;-47;21;61;-12;-3;16;51;-12;-119;-13;-3;-1;3;-28;-29;-99;4;-51;-51;-37;-18;13;-2;28;45;-45;-25;10;34;26;-7;-18;-31;25;-61;-5;-50;0;41;-47;28;-9;22;22;-54;0;-17;-58;-62;34;-6;27;11;22;-11;-47;5;-11;1;-16;39;-41;-79;0;-28;-50;-13;27;-19;-3;-73;51;-87;-54;-1;-54;-16;85;-19;-75;-34;6;-26;-31;-22;-11;-55;-73;-16;-78;42;-94;-27;26;7;-65;20;-77;-37;44;-35;4;-37;14;-18;-28;-6;-35;-25;-35;-50;-34;-41;-49;20;-72;7;-61;-1;-22;55;-13;-53;-58;-63;-61;37;-17;42;-22;-24;44;-63;-20;-27;5;3;-16;38;41;-64;-13;-15;-23;-46;-40;38;15;-27;-1;17;39;21;-7;-45;-75;-20;12;-48;-81;-31;-56;-33;-29;11;26;-49;-42;-19;-52;-48;-69;-46;-39;-30;1;-72;31;-54;-48;14;-82;-74;-33;20;60;19;-91;-54;19;18;16;-41;16;36;18;-57;-65;-40;-28;4;-27;-60;-56;-18;-37;-2;-32;-47;15;-15;-27;-60;-82;-85;28;-18;-6;30;-33;-19;-16;11;-36;-14;49;22;18;15;30;-20;13;-74;-45;-40;30;-60;-19;-20;22;31;-24;-43;17;-6;-54;-17;-15;54;37;-33;-9;-27;-54;-42;4;-32;-41;-51;1;-7;-38;-55;46;-31;-28;-127;-69;-35;47;-72;-19;-55;-14;-20;-19;-92;-45;-31;21;15;-1;28;-44;30;-32;-50;53;-84;21;35;35;-24;-30;-58;24;-47;37;-82;-12;-5;-84;-7;35;-36;-12;-58;-65;-45;25;12;-55;-39;40;0;56;81;31;-3;33;-36;37;5;46;-53;-19;-10;26;-19;4;22;-103;-12;-38;41;4;65;-49;-16;43;15;-55;-25;-49;-30;-19;-62;-40;35;5;-22;21;-32;-11;-69;60;-29;31;3;29;-6;-57;-23;-117;-14;-49;52;-12;-7;-26;-19;51;-24;24;-24;-5;-39;-15;74;-45;-39;-28;5;-53;24;-64;-29;45;-34;32;-19;-45;25;32;24;32;-73;-29;25;-44;31;-21;6;16;3;39;24;1;-9;-17;66;-12;27;-62;33;25;33;25;-6;-71;-10;-70;6;26;24;-17;-52;44;35;4;-20;-106;-100;57;-11;7;-39;-22;-5;-13;6;24;51;-43;-45;-53;17;0;15;-11;-33;8;4;-56;-4;-50;0;13;27;30;-17;-32;-18;-68;26;-3;-127;-20;30;-7;1;20;16;8;5;-40;-9;-83;-22;32;57;-30;34;-19;34;-34;25;-43;-6;29;50;-19;-81;18;-82;-35;-5;3;33;-63;-1;-15;6;-16;-27;-20;19;-21;-2;-77;17;29;45;-8;-37;35;-35;-4;-42;-19;43;17;-21;7;11;27;-41;-2;-36;21;18;22;-26;-13;52;-44;-21;18;-6;-98;-39;-44;14;-1;-39;-6;-34;8;-6;-10;-50;-98;31;34;12;16;35;48;-62;21;-75;-45;25;-8;26;-38;16;-23;-16;-21;-32;-75;-38;-9;-10;26;-35;13;-13;-20;4;-35;-3;-57;11;23;5;0;16;21;9;12;-10;-54;19;25;2;-46;-9;61;17;69;11;-24;-38;-29;53;47;68;6;-55;-17;-3;-82;-59;-35;-60;-34;-79;-13;-77;10;-63;19;-1;0;-6;-44;92;-68;-3;-55;35;-55;-46;-66;-127;-4;92;-93;-65;2;-11;-25;-38;-58;-60;-36;-41;-39;7;-12;-52;-81;6;-48;5;-42;-32;47;7;46;-53;-54;11;47;-79;-26;-89;-24;-29;-98;-45;50;29;-31;22;78;28;-50;-53;-108;-49;91;59;-28;-52;-67;-52;-41;-8;39;-20;-74;15;65;15;39;-1;38;39;-53;-61;-21;-13;75;-18;-32;30;-27;-25;-53;2;-79;-85;-1;7;-13;-50;51;8;21;-4;47;-22;-27;-89;-36;-13;31;15;22;-69;-58;-20;16;-1;3;48;12;28;-4;-10;-3;-77;-88;-65;20;98;-105;-27;22;-34;-91;-55;-35;19;-52;30;11;-5;-65;9;14;37;-60;55;-68;-42;81;-98;26;69;79;-50;66;60;-3;57;18;-11;-33;27;-60;-24;-105;-52;-3;2;-9;16;-17;15;-51;-58;-12;-70;-31;-24;-69;43;-75;52;3;-46;-18;82;-4;16;50;-38;-52;-60;-66;35;-3;-15;-68;-69;65;-38;-17;-17;-35;-29;-21;-44;-75;-45;8;-28;-92;-56;5;-62;-76;-17;-65;-95;-66;-18;-52;-30;25;-18;-83;8;-49;14;-74;-40;-8;-4;0;-48;-62;59;27;-85;10;-84;-39;-23;-13;-8;-64;10;-24;-27;14;-48;-62;-29;72;-1;-119;-49;-65;-71;9;42;-71;-70;-8;-24;48;-11;-7;-36;-85;-39;31;-11;-18;-48;-2;18;-56;-56;-84;6;55;-88;-65;-110;-65;-41;75;3;31;-77;-3;-105;1;-8;-23;-74;-82;-1;-3;47;-62;-55;6;8;-15;71;-27;65;-17;-32;77;41;73;51;-101;4;-111;-12;78;25;65;-57;51;3;-46;-66;51;-29;-108;-26;-85;-29;-19;-74;37;-14;10;-18;-108;49;35;22;91;-6;53;27;-84;-127;-20;-91;-75;31;18;57;53;-58;30;-44;38;-79;-43;-96;60;44;-62;-100;40;-53;-48;-34;-29;-1;11;24;-83;62;-99;-49;60;-56;-52;-50;-87;-73;-38;10;-54;-100;-13;-92;-88;66;-80;-83;-85;-2;51;-4;-70;-73;-90;74;19;85;39;-35;-45;25;75;-47;-1;-2;-89;20;-88;17;-48;-92;-17;23;-30;-79;89;-45;-66;21;-44;72;17;-37;49;-17;9;85;-30;37;-113;-67;90;-92;-9;-37;-30;36;-79;57;55;-42;65;-22;6;13;-79;-103;-26;-92;32;-91;-78;-90;58;-17;9;-82;12;-59;63;51;-7;-2;-33;-52;-59;16;-104;12;-37;47;-127;70;32;16;-33;-22;4;-118;1;-55;-29;-97;-98;45;-38;-93;-41;47;-58;-20;54;-81;-63;-57;81;-13;-27;-85;-105;7;-92;44;-29;69;-23;53;29;49;46;-17;63;-83;19;-47;-51;34;88;-107;23;-85;-70;-72;-42;-13;16;0;-11;-51;-64;-58;-111;-30;-3;-99;-1;-50;-92;-24;-116;15;-69;-73;-59;-4;-104;-65;-75;51;-49;-36;40;-110;-62;44;-82;-53;9;58;-28;44;23;-57;21;-59;52;26;17;-44;21;-123;-90;-34;81;55;38;-74;-99;-67;-36;-29;-6;13;-72;36;28;54;-22;-35;20;-31;-71;-1;29;-90;0;-99;10;-89;93;-27;30;-108;-62;-76;-53;-82;25;-50;48;-97;-47;-84;-62;-122;-119;37;-123;-82;-53;29;47;88;-71;-91;-63;-112;-45;-23;-72;27;-39;-4;-8;-118;-118;-31;35;58;45;-39;-93;-86;3;-42;-51;42;23;-48;-71;-9;-118;-22;-123;-76;3;57;44;-10;-4;-12;-11;-56;9;9;-65;-104;13;-105;-120;-119;27;-92;-59;18;-102;80;-11;54;4;-122;-36;10;-13;-49;-89;56;72;59;73;-74;-68;44;24;-37;-35;23;74;13;78;-5;-61;-53;12;54;-20;48;-1;79;-8;-47;-56;-69;-86;52;0;19;-59;68;-5;63;-47;-18;-71;-53;-74;-46;85;94;32;-40;-25;-115;58;-49;-51;-55;-89;-33;10;-24;-9;-41;-51;-5;-105;-66;-107;-47;-114;-46;-52;-127;-114;-73;-77;41;-75;-51;-80;87;-81;-67;29;-44;1;18;-58;48;-55;-91;34;62;-29;-31;57;82;-74;-4;-60;76;-85;-51;72;-15;-41;-58;-98;-30;61;-3;19;61;-32;8;-30;-8;-56;-6;79;-112;-123;-30;53;-23;68;-62;37;-27;-33;67;44;-80;-33;-54;-94;11;-90;-39;-78;-62;18;-57;-38;-72;31;-32;23;-27;-10;-82;-81;37;-114;35;-7;-22;8;-9;-18;53;31;4;50;-44;-31;53;-35;42;-13;14;-17;-5;14;-26;10;81;-3;12;0;-24;29;24;-74;-7;-46;-15;-2;127;-18;8;-6;-34;-59;38;15;2;7;-47;-74;39;-24;-58;44;-16;-4;72;3;1;-29;20;35;3;-39;12;61;-9;42;19;-63;11;-64;2;-20;8;11;-34;-1;45;20;68;21;52;96;12;4;28;-45;23;32;-12;28;20;0;61;-17;-26;-7;-55;29;-8;38;-17;-2;-9;-24;-31;-58;-51;-38;-1;11;-17;12;12;32;24;3;3;-6;-4;2;36;58;3;6;-48;28;-15;-1;-28;27;19;7;37;-47;3;33;-7;25;-25;-13;-44;21;32;22;3;-26;57;-2;-2;-40;-15;-2;6;-3;-88;62;18;9;5;-16;-13;31;-30;-58;24;-11;14;-18;-35;51;-21;-58;-6;-7;-6;-35;62;20;16;25;-8;0;-23;122;-51;13;-34;-54;9;-34;16;54;9;5;-42;14;50;-55;2;-18;-16;-6;24;-67;48;-10;63;46;-27;42;11;8;8;42;12;15;-21;-21;26;-38;-35;65;-12;-7;48;10;6;-49;82;61;-27;14;60;30;44;35;0;23;6;16;-58;93;-11;50;16;-1;-4;-18;28;28;-46;-25;28;-35;40;2;-20;-13;-12;-12;-39;6;43;19;-32;21;11;-45;1;21;-2;-14;-11;16;26;-9;-26;2;6;-23;5;-9;-19;17;-1;-7;16;39;-35;4;-47;11;5;-57;-59;-74;35;-113;-1;-1;49;-32;37;-59;-63;34;-13;-18;0;58;-33;-33;-99;42;-29;-86;-14;1;-111;-50;-44;-34;-33;37;-57;29;-122;-46;6;-23;-25;2;-36;29;-44;-35;5;38;-23;53;-4;11;37;-55;-47;-16;-76;-69;-23;-69;-42;-13;-26;-43;1;-20;-14;52;-13;-39;-11;-124;-44;-30;-84;-58;8;40;15;37;49;-65;-23;4;43;105;-18;15;-77;-44;5;-50;-23;17;9;-44;-7;33;-7;-67;-92;-10;-85;-62;-45;-1;-31;-72;-60;65;-11;52;56;21;11;-33;21;-72;40;19;22;2;-63;16;35;30;53;-74;-77;-8;16;26;-126;-117;30;44;-14;4;10;5;32;13;-84;-35;-60;17;-2;36;-119;-127;1;63;-18;-112;-5;-85;8;62;-17;-22;29;-49;42;-54;9;-43;-70;-30;-47;13;32;-30;-15;-54;-64;-7;-33;-19;-102;47;-24;42;-67;-44;-80;-80;-48;-14;-27;5;37;-68;-49;-86;-52;61;9;-27;10;-122;-38;43;17;-22;-42;-10;9;49;-27;-43;-66;-9;-39;-119;-30;-51;-40;21;15;-71;-77;25;22;-30;-3;-32;64;39;13;-61;11;-30;-6;-22;30;5;-28;11;-61;20;-63;-33;-15;24;-81;-110;-53;-27;32;5;5;-46;-5;-52;-33;-13;-17;-54;72;-13;-59;-107;-23;-36;8;41;28;-24;16;-7;15;-20;-82;-64;-21;-30;-16;-101;-64;-17;-35;-44;-13;-47;-74;51;8;-79;-61;36;10;-45;32;-46;91;41;-13;24;-38;-1;16;25;-53;6;5;25;-7;25;-46;-100;-29;66;38;0;-27;80;25;-49;28;-28;9;20;43;98;23;-65;36;-18;15;4;10;-55;10;-26;-30;-38;-41;-28;-25;-1;-97;20;4;-88;14;-55;-11;80;-34;84;22;9;62;-2;48;58;-42;-22;-3;-46;10;99;-80;3;21;-25;54;-20;-24;5;7;19;-93;-22;42;28;-28;10;-26;55;75;13;95;-54;-79;-52;11;-76;-23;20;-63;-10;15;-8;-34;-56;-40;-76;23;15;-9;-40;-1;18;76;-35;24;-7;-32;-24;61;-29;17;21;-38;16;-6;-43;-46;48;11;5;4;-102;73;-8;-22;0;5;-6;48;26;-22;20;89;-30;-13;-48;-76;-27;15;-46;24;-7;-48;-39;-28;-13;32;5;-58;0;34;83;7;-12;7;-38;28;3;-20;9;-127;31;32;-12;33;-38;23;-23;53;10;-25;39;-25;20;-2;-2;10;34;50;2;9;-6;12;-17;-83;61;34;-81;3;31;65;72;18;47;16;-16;-4;74;61;-6;37;27;24;10;-12;-54;8;8;45;-11;7;-49;-114;11;2;18;-5;-16;34;-103;5;-17;22;19;19;79;35;24;2;-9;2;-5;-23;-95;26;-69;1;-23;18;8;-37;30;-31;-5;-38;-45;19;37;-49;-33;-26;60;12;-11;56;-12;19;-62;-12;-24;-54;-5;20;5;-93;3;-20;-79;-24;-54;-7;-54;41;-27;-40;-4;-13;56;-33;-41;-54;-1;-33;35;34;28;-31;15;-8;30;10;3;19;-2;38;-46;-10;9;-16;-31;-22;-50;-22;-18;-60;-43;-25;-37;-40;-55;-21;-48;-45;-55;46;-28;-10;30;12;-50;-54;16;17;-40;-28;13;43;8;-79;-42;-13;-83;-2;21;30;27;25;3;-22;26;-31;48;-29;-6;36;-14;-8;-47;31;-29;21;-13;15;-24;22;28;-59;-10;-7;81;4;6;23;-11;1;-23;-8;-51;1;-66;-42;-27;-20;22;27;-38;-26;21;15;11;-23;-62;43;53;-39;12;-18;-64;-13;-9;-18;-10;8;-68;39;-51;17;2;27;15;4;-62;-14;21;-32;28;-27;-40;-6;-50;-27;-41;42;2;29;9;-43;-9;16;2;-50;-52;21;-36;-19;21;-7;17;-20;40;-4;34;-48;-49;6;28;-57;28;-66;-95;42;-45;34;23;-25;24;5;-29;-25;-14;-9;13;13;-29;-45;-97;-6;-36;-43;-2;18;-17;5;17;19;-58;30;12;39;-32;21;-81;-36;-20;-18;-13;26;-6;-48;44;24;-49;16;3;-21;-33;27;-127;25;-15;15;6;-44;-8;17;-22;-48;-21;11;23;-43;47;-59;45;-14;-28;42;-29;-5;17;49;20;-12;-7;37;-44;-4;-35;-34;7;49;-19;7;-18;-19;35;21;53;9;12;-25;-34;-1;-51;19;-69;-51;-57;7;-54;-64;-5;16;-11;19;-5;-51;25;-42;51;48;-64;-28;27;-28;-49;-33;24;-7;-29;-38;-21;-33;-20;25;-49;-90;36;-50;-1;-16;-83;-15;-71;27;55;-58;-68;-12;15;-10;-35;29;55;-97;4;-40;72;-13;-42;-4;-25;38;-25;9;-14;70;-7;26;-127;-64;-64;46;43;8;-29;-52;-9;9;-47;-25;-63;-27;-15;-72;-35;24;-8;-118;17;37;-24;28;3;43;44;-67;-84;70;-59;51;-84;36;15;-7;24;9;62;11;57;-88;36;4;-39;-112;-28;54;7;21;-85;-16;-31;-100;-38;-59;-12;-8;5;10;-59;5;-11;-90;-54;-15;-20;-30;-72;-2;-88;-50;-57;16;-50;-33;38;-85;-64;-67;97;-70;-54;-49;-43;34;-91;-69;-1;-11;-50;-8;-15;3;26;19;2;62;-80;-69;0;15;59;25;49;-31;-75;-2;42;-38;34;33;13;10;0;3;-64;-9;27;77;-40;-59;-56;-24;23;-6;31;-56;-78;-68;-37;39;13;11;25;-59;47;8;54;35;8;42;58;33;71;2;-7;-68;46;-54;-26;33;17;-74;-33;-58;-47;-45;-62;21;-30;30;-27;10;-62;50;23;50;-70;27;-34;-50;-16;-14;18;2;89;-72;-76;-63;-19;41;-51;9;54;-26;-40;-59;33;62;-55;-27;109;-57;-26;-15;21;25;7;4;48;-14;-11;-89;12;-93;64;-28;-57;20;50;-57;16;-7;-63;-75;-47;-1;-61;-44;6;-77;34;-18;-80;-58;53;-7;-74;-62;25;-42;-54;-57;-7;-9;23;-52;-30;-12;-36;-70;-59;4;-42;-6;-7;-63;-66;-90;-49;-19;0;-3;2;-17;-1;-62;7;-21;-26;18;37;22;-19;64;-15;-25;-13;-9;-6;-11;15;35;2;-9;73;-9;17;39;41;41;-2;44;-127;-4;-18;10;1;18;-12;-89;43;-13;-47;8;26;-12;-16;20;50;-4;65;-11;-38;-4;-119;-10;36;18;-44;-30;-33;26;30;46;-69;-22;4;-9;42;39;-13;47;55;2;-17;34;63;-43;15;44;13;-24;-20;-47;-8;-3;-63;11;-14;64;38;-46;-45;24;66;-81;-18;6;-8;-14;23;-40;-35;30;-26;-59;-48;34;0;-34;2;-36;-54;-43;-22;-54;10;-39;45;-44;-63;-11;22;-7;-51;19;58;-38;55;41;-10;11;1;0;-57;58;25;-17;-23;38;-3;-109;-19;-28;3;63;-36;-56;45;-105;17;-10;-62;29;10;-55;-74;-15;-7;-74;71;-34;-42;-42;2;-2;-30;5;3;-81;-26;11;16;-84;-25;-57;-18;-27;-16;18;60;-16;-17;18;-48;-50;34;8;-6;-40;-6;-3;6;47;54;-10;37;-27;-15;-9;-1;-17;20;-25;34;-7;12;41;55;-35;-51;-12;-17;18;-23;4;42;79;2;14;52;35;-29;43;13;10;2;2;13;37;-79;-37;44;-15;-12;-7;-19;-16;59;5;-12;-36;-67;20;1;23;5;-28;20;-1;33;-57;29;1;-3;33;28;28;38;0;-73;-60;-75;38;38;-13;-78;25;22;8;56;-17;54;28;-26;-21;8;31;46;19;-8;2;27;0;15;57;-22;28;40;6;-23;-105;-47;-31;-18;-43;-1;-41;-22;14;-2;-19;-22;19;-12;-42;-47;-11;-1;-59;-15;-3;-13;-13;-41;-37;-28;-47;-19;-50;2;-4;18;-61;-127;-71;-83;-51;-8;17;-23;18;-39;2;-55;-50;20;-69;34;-9;56;-52;-5;32;-18;-69;26;20;-9;-16;-28;-67;1;-80;7;-28;-50;-49;-7;-51;8;9;-41;21;-32;-36;-25;9;0;7;19;5;-17;-33;52;29;-44;14;41;-9;-36;19;14;-62;-56;-58;-28;-72;-120;-15;-21;9;-37;-50;-24;-17;16;12;-3;-50;-32;18;13;-16;68;-21;-22;19;-37;-59;-29;-90;35;8;-58;10;-29;-39;-63;-65;-29;4;-10;26;-2;11;-15;38;18;-49;44;-46;-6;16;-14;27;-77;20;2;-18;-60;-8;-3;-61;-21;-17;-47;-54;16;-52;44;-49;-13;3;35;-22;15;5;-14;-34;46;25;-24;-73;21;-4;-30;40;-17;-30;30;-57;4;-8;-25;9;-23;-41;-64;-72;-2;0;37;-41;26;-23;-60;15;-8;2;5;29;-54;39;-23;-16;18;3;-43;31;26;-17;-9;12;28;9;-45;-43;-32;-18;-11;43;-26;11;45;23;-71;-25;-30;-2;-3;9;-1;30;-3;9;47;-5;-60;-43;25;-28;0;-19;-13;-44;-46;24;-22;-52;-33;26;40;21;20;-51;-3;-70;8;-34;-62;-23;-41;-13;10;-1;24;-32;-11;-20;10;-2;-29;-7;-57;27;-32;-6;-110;-58;-42;-66;27;-17;-37;-1;2;-59;-38;-36;40;13;38;-23;-43;-45;1;11;-16;54;28;-58;-73;28;-1;51;61;-51;3;-39;25;-1;-25;-22;2;13;23;27;-27;36;70;109;73;-33;-25;14;-32;122;-31;-16;-28;18;-29;81;25;-24;49;-39;66;-31;5;-35;-38;17;-63;-66;-35;-25;59;-7;-38;48;19;-85;27;68;47;-3;2;4;3;42;8;-94;49;-45;53;-52;37;-21;56;-17;-83;43;37;7;63;-41;-5;20;-83;-77;38;23;-23;-3;9;49;-58;-30;-49;-34;54;-82;8;-50;-13;-27;-46;-25;-4;11;15;-8;25;20;-15;29;25;-125;-30;46;-18;-77;-58;-5;9;-5;-5;-4;-29;-16;10;-23;42;-34;-31;-7;33;26;-11;-63;-84;33;68;-34;46;-96;-3;-43;-15;-66;26;-53;-34;-18;12;-4;-14;-66;-31;-18;-13;48;-127;-15;31;9;12;30;14;-50;-27;-51;10;95;76;-88;-21;64;-50;23;1;-69;-53;-66;27;25;-58;-32;59;-38;-6;-71;-69;-8;-52;14;-48;-37;-25;-75;0;-72;-29;-69;-34;22;32;9;-59;18;-73;29;-38;-4;-37;-36;27;24;-21;33;-19;-111;-13;-31;-62;18;4;88;-17;18;-12;-57;-15;-63;13;-43;23;-20;-27;7;63;20;-23;-41;-47;33;-1;32;-22;-102;37;15;50;-78;-86;23;-22;-29;-25;39;-23;55;14;-48;12;-57;-35;-57;30;-9;-12;-37;41;-93;-10;-28;-53;-30;-68;-6;-33;-43;-22;-34;27;-22;12;-3;-102;-69;-44;-27;-58;36;-98;-41;-73;-30;-79;-84;-46;-6;-7;5;-73;-39;-109;-11;44;-46;-12;-78;-47;-29;-58;39;22;-71;-35;-9;-15;-4;-83;-18;-74;-25;-13;7;-35;40;-75;16;-52;-89;8;-10;-31;-106;17;-60;6;-34;34;-30;7;-18;-41;31;-92;-45;-45;-3;24;60;23;-5;20;-8;-25;2;-14;-17;59;-25;-38;26;-36;-39;-16;50;25;44;-25;-112;-18;19;-39;-80;45;-21;-35;-37;-25;-28;-58;-46;-63;48;-80;-18;10;-17;-3;-7;-46;-3;36;68;34;-22;-80;-76;27;-83;-56;38;-17;-17;-28;33;-24;-76;-17;37;-90;9;-33;57;35;-13;-66;-49;-51;-102;50;32;40;-60;42;5;2;50;-11;-59;-90;-42;-20;5;-49;-28;14;-80;-19;35;19;-79;-98;-1;-23;55;-100;22;61;-80;24;-67;-11;-35;45;20;-49;14;-14;-32;-26;-47;-88;6;60;11;-26;-14;-15;-6;-84;-31;66;-12;-112;48;-123;13;25;-20;-27;-40;31;-29;25;-67;-36;-82;-21;-70;-93;64;-79;9;-49;-12;-74;-29;-74;37;5;37;13;-52;-65;-7;-127;58;39;62;34;43;53;33;-15;-23;64;39;51;30;49;13;-42;-35;-63;-70;-80;-15;-73;-27;-53;-32;-9;-18;65;49;58;-51;-76;-76;-20;23;27;-72;-58;67;-19;62;49;19;-38;16;51;-10;16;3;57;-31;22;-49;23;-46;10;61;-49;-51;
64
-97;178;-105;271;227;-139;242;67;-64;-146;-124;-91;-20;-20;-111;-151;568;-40;-92;22;120;362;480;22;-82;-35;388;237;-44;-58;-169;-94;100;547;21;139;-134;107;-86;-101;-151;199;-59;59;-113;73;296;-114;333;-24;-72;-196;-37;-95;-100;23;-143;190;-85;-101;157;-132;249;-95;
64;
0.00088471366;0.003972294;0.0011908506;0.0033860926;0.004964033;0.004009412;0.0039341203;0.004044715;0.0011492288;0.0011028512;0.0011675279;0.0012586269;0.0036842935;0.0016030768;0.0010488268;0.00091676577;0.003702731;0.0014022018;0.00087403227;0.002234194;0.003185754;0.0035973198;0.0041317805;0.0023677344;0.00087689457;0.00084279553;0.003750023;0.0044226907;0.0010569927;0.0008667878;0.0011932753;0.001022013;0.0018755882;0.0031227297;0.0030128204;0.003911618;0.00095500954;0.004525377;0.001338167;0.0011478672;0.0011044993;0.0021872097;0.0016741819;0.0028092982;0.0010415135;0.0024574876;0.0032015329;0.0011322153;0.00363337;0.0021168117;0.0014930152;0.003724039;0.0011106872;0.0008984828;0.000870493;0.004159763;0.0012054888;0.0037416292;0.0015193678;0.001136157;0.003463339;0.0016259418;0.0026345388;0.0010741907;
0.33579883;
-128;
0.56547934;
-128;
4480
35;128
6;-47;5;-18;-7;-18;-43;-23;-9;-15;11;-13;-6;-17;4;12;-20;11;16;-7;10;7;-14;-30;-6;20;-1;-1;2;13;-15;-15;6;-16;15;-27;9;-14;6;-18;-27;-9;17;-21;-15;0;2;-2;7;-20;-17;-29;-11;-23;18;-13;-18;3;11;-7;-23;3;4;-4;17;-12;-21;-15;-50;-9;-78;33;1;-10;7;-16;7;-5;-5;-2;-71;-5;-21;-25;-29;2;10;-23;11;1;-43;-3;7;-19;-17;4;-2;14;-6;4;-7;-21;-21;15;-19;-37;-29;9;20;-6;-28;13;1;-20;-22;-35;-12;-5;16;-11;19;-45;-5;18;-29;14;8;0;-11;-33;-1;-11;-1;13;9;-8;18;-2;21;-5;-20;-8;8;20;-14;9;0;5;-18;12;8;-17;-5;6;-3;20;4;-2;-2;-20;-7;-2;-25;-9;5;-8;-7;9;6;-8;-15;-6;-7;-19;-4;-16;17;-9;-7;-3;-23;16;-15;1;21;-23;-16;-3;-55;-8;-19;8;-13;-42;7;-29;20;-15;10;-14;-1;-12;-11;-12;-32;-23;-12;-10;-25;20;-12;-18;8;9;-5;-26;15;-15;27;-11;-5;19;-6;15;-6;-16;-24;-18;-9;11;2;6;-7;-13;-4;-15;-16;-22;-4;-20;16;-33;-21;-48;20;8;-5;-5;-13;-33;-2;-8;-37;-11;-42;-4;6;-31;-6;-12;-17;-1;-35;-52;17;-8;-6;6;12;-24;-6;9;-11;21;-5;-5;-30;-55;-15;-11;-15;-2;32;-8;9;16;-8;-5;-5;-7;5;12;12;5;-22;-1;-2;-19;-18;-7;18;-4;6;12;-24;-9;7;-28;-25;12;-18;-67;-10;24;15;-8;-11;-5;-9;2;6;-27;4;-57;30;-29;13;-33;-7;-17;-6;2;-27;-28;11;5;-21;-25;-1;-30;-30;-10;0;-25;-5;8;-28;2;-4;19;14;4;-25;-76;13;-36;0;-27;-11;20;20;-44;-12;-25;16;21;1;-8;-10;-2;-23;-23;-14;14;-8;-13;8;-52;-10;7;-3;-19;38;-4;-10;-47;5;-40;-9;-21;-18;-32;-18;-16;5;9;-1;-30;-8;-21;-14;7;-4;0;-9;-23;-30;0;-14;1;36;43;18;-1;9;0;9;-27;5;4;21;-12;-7;16;-7;22;4;-9;-18;-25;19;-19;-31;-2;-13;6;11;-3;6;-18;8;-21;-5;-13;-14;1;-7;5;-9;-5;20;-69;4;-6;-52;-19;4;-8;-1;-3;15;-8;9;-9;-17;-2;10;6;-7;-12;-1;-10;1;-15;-19;-29;-20;-3;-22;7;8;-86;-1;-26;5;-1;-9;-2;-1;-71;-5;12;1;-9;-6;13;-1;24;16;-31;17;22;10;-50;10;3;-5;16;-7;0;-10;-3;19;-60;11;-16;-27;-1;25;-47;11;-1;-14;-6;-18;-1;-13;-17;-4;8;-23;-2;-1;8;54;-11;-9;20;-31;24;-20;-21;-7;5;-1;0;-5;-6;23;7;5;22;-1;-1;-4;-38;-4;-1;-20;-21;-15;11;-15;-9;1;-1;20;-13;23;-33;-16;-16;-12;9;-8;-12;-7;4;17;-9;-9;-39;1;-15;13;-4;4;-19;25;-26;-13;-24;-70;14;-17;-41;-5;45;0;-8;-2;18;-43;-5;-12;-4;0;-15;-27;-67;-15;10;5;26;-6;-2;-20;-1;-14;18;7;-16;12;-14;9;-11;14;-41;13;-22;-10;-7;-14;-16;22;7;-25;-8;-39;11;20;-4;13;-36;-4;-43;13;-14;15;-16;21;7;-33;11;-5;-20;4;-12;-7;-26;-20;-14;26;0;13;-12;-62;-21;3;19;-24;18;-4;1;10;10;5;4;5;-13;1;1;13;14;14;-5;-3;0;-1;-5;-24;1;16;12;8;-17;10;-70;-19;9;3;-2;0;-4;-21;-3;10;-3;-20;-39;-44;-15;-20;12;-12;-20;6;-27;15;21;-62;20;-12;-13;-46;-25;-28;-22;20;-21;24;3;-16;20;-16;-12;15;-72;-12;27;-15;-23;-18;-25;14;-3;6;1;8;-27;-15;-14;8;-30;-8;-17;-1;-11;-15;-33;-3;24;5;16;-31;13;-50;-19;-22;-10;-24;-26;-40;-15;23;-26;-8;10;16;14;-3;3;-25;-14;-25;7;6;-11;2;-3;15;-8;20;3;-63;-8;16;-21;-21;-4;5;-12;9;-2;6;-19;-17;16;-7;-1;-19;4;-15;10;-19;-10;26;14;4;-3;-5;-8;-13;-18;17;-42;16;-12;8;2;-21;3;17;6;-3;-34;-70;-32;-50;25;-8;-9;-12;5;24;-4;17;3;-11;8;-7;-13;-22;-5;-29;-10;-19;20;-41;-13;-17;-14;-16;23;2;-46;19;15;14;-29;-6;-12;1;-15;36;-21;-18;-25;-24;17;-20;-8;-12;-11;-2;-7;4;-11;-14;18;-11;14;-14;20;-11;16;14;-4;20;-16;6;-12;-35;-31;6;9;-7;6;8;-2;4;8;-24;4;0;-19;-42;-32;-28;-9;5;6;34;-15;5;19;0;-14;-18;-36;-30;-6;-2;-8;-13;-23;3;-18;-17;-23;-15;2;5;-22;25;6;-8;-15;-9;-5;-5;1;7;-9;-11;5;-40;-2;-12;-14;-4;-43;7;-2;14;34;-17;-1;-21;21;-16;-6;-54;-10;6;9;-14;-20;23;-33;-21;22;11;-34;0;-1;-27;1;3;10;-13;-20;-12;-33;-20;-11;9;-23;-1;-13;11;-22;5;-19;-15;-31;-10;-23;26;-17;-17;-49;-19;19;19;6;4;-44;-22;-20;-15;18;13;19;3;-1;-10;-25;-28;20;-15;-11;-1;-1;3;0;-17;-2;20;22;-47;4;13;5;-21;15;-20;-12;13;-14;4;2;16;8;-6;-20;21;-20;14;-28;6;-26;0;7;14;-31;21;-2;22;-6;-35;3;-9;1;9;-26;-8;14;16;-50;-1;6;-8;5;0;-9;-16;14;11;-16;7;-9;-39;-48;-41;29;13;8;-2;3;20;3;13;-11;-21;-22;11;-5;-17;-31;-27;-24;-20;23;-45;-8;11;7;6;6;0;-32;-2;-18;17;-10;-23;-27;-5;10;-15;-25;10;5;-19;-20;-15;-17;-21;-16;3;8;-5;-15;-21;13;5;10;1;6;-1;22;23;3;2;-51;-21;0;-47;1;-14;-18;-7;-25;-9;3;-2;14;-29;18;-8;-6;2;21;-29;-14;-22;13;-6;-24;15;-25;2;3;10;-16;30;5;2;-41;14;-2;14;-5;-34;-9;-16;-35;-30;-19;-18;7;3;-30;-9;-22;15;-40;-19;-1;6;-12;-9;-17;-20;-13;16;2;-19;26;8;-12;-29;-14;-18;5;2;5;-13;8;18;-14;-55;17;-4;0;-26;-24;-32;-29;-2;-12;20;-9;9;18;20;10;14;-50;-46;-16;-26;-49;-7;-11;4;-28;-6;6;-5;-41;8;-10;-27;-31;-13;-34;3;5;7;-11;-6;31;11;-18;-15;-11;-31;-18;-7;-45;-5;-63;-18;-2;45;-35;2;8;-26;-23;-18;-2;13;-16;12;0;15;2;2;21;35;5;10;-22;-13;-8;8;-28;4;22;5;17;-52;-3;-19;-14;2;-24;-20;-15;1;-30;-16;-5;-1;17;-34;20;-9;-17;-5;21;-7;-40;-14;-6;21;-7;-15;-7;-6;4;15;18;-15;-46;-42;3;16;-70;17;16;-6;-7;-43;-5;-18;17;-26;0;-2;-1;-2;15;12;17;9;18;-11;-26;20;7;-23;-20;12;-32;-34;-27;-3;-26;-4;5;9;0;-23;-18;-11;-50;5;-1;20;-34;7;-10;10;-10;19;-27;17;4;8;-10;-10;-20;-30;17;-3;30;-11;-43;-10;18;-9;-30;12;-13;-14;-19;-8;-26;16;19;-4;7;19;-24;-1;-27;-25;5;-20;-9;9;-31;15;11;17;-19;9;-5;-2;-18;-16;7;-8;5;-25;8;0;-16;-5;7;-35;-7;14;-23;-2;-10;0;10;-5;-28;11;23;0;-7;-15;-10;13;2;8;2;16;-57;-20;-51;-36;-10;12;-1;-24;15;10;-13;2;-17;-8;1;20;14;-18;-43;-31;2;13;17;-46;-6;15;10;8;9;-15;-4;-5;-57;-9;-22;4;3;-10;-29;-19;2;9;-4;-23;9;-12;-14;-8;11;-18;-12;-8;-41;4;13;21;19;-12;-6;-21;23;-14;-49;-21;-24;-28;-5;-36;2;8;-34;17;-25;-27;-7;-16;10;-19;5;16;18;0;-7;-26;-8;12;15;-40;-17;-20;25;2;-19;-19;-26;17;-6;10;-42;-12;2;15;7;-18;-15;-16;4;-34;13;-6;3;-2;-21;1;-2;-14;10;-12;-66;0;9;-47;-22;0;0;0;-31;14;-28;-34;-14;-15;13;-11;-22;5;-10;-32;6;-10;-5;-15;8;2;-14;-14;9;-53;-23;-24;-13;-62;22;-20;11;20;1;-16;25;30;-6;-10;36;21;0;3;-32;-16;5;-11;-4;-28;0;11;0;-31;9;22;-17;20;10;7;-38;-4;11;-15;15;-26;-8;-1;4;6;-19;-2;-5;-54;-74;16;-23;-21;15;-10;-27;12;12;-17;-13;10;3;-8;-33;-19;-22;-3;7;20;-11;-1;-2;8;-12;-37;-12;-24;-33;24;-55;20;-24;-22;2;-15;-35;-11;4;-31;5;-47;0;-14;-29;-1;3;21;1;4;31;-17;-3;-16;7;-18;-1;-1;-27;-20;-63;-46;-32;-63;-12;-1;-4;-26;13;-36;7;3;-8;-76;-5;-16;-20;-41;-22;0;3;7;-2;4;1;11;-2;20;10;-17;33;-15;-6;5;-1;8;-17;-12;-39;-6;7;13;-24;-4;-13;-29;-24;-13;-44;8;-16;-8;-26;2;-24;-12;-15;-49;-22;-53;21;4;9;-11;-46;-24;-48;-12;-17;-1;-10;11;-12;-15;-17;2;-10;-18;-14;8;-15;-44;-21;-10;-11;8;-6;-80;13;0;-6;-16;6;-5;-17;4;-2;-9;-38;-22;-16;-5;-26;-1;31;1;-21;-17;10;-36;6;15;6;-7;7;7;-10;-2;-42;-24;3;-3;-8;-9;2;-22;6;4;-61;-15;-17;20;14;-12;-25;17;14;-28;-17;10;-1;25;-16;-5;-38;-20;-28;-22;-10;15;11;-42;-2;10;3;-7;17;-20;-6;24;-36;14;-7;-2;15;-21;-11;12;-9;-24;-40;-8;7;-59;-39;-31;4;3;-24;17;-26;0;-23;13;5;-31;-21;4;-7;-21;22;-14;-57;-47;-42;22;-23;-22;-14;12;0;-45;8;-14;-17;-2;-12;-22;0;-12;-28;-8;-24;17;-4;-77;13;-9;-13;-15;1;-12;-21;1;-5;-21;-18;-17;19;-36;-9;-14;14;21;-5;-43;9;-4;-22;-18;-39;-32;-24;6;-16;-11;-53;11;23;-12;21;13;5;2;9;12;-18;-25;-33;6;-58;12;6;-14;-21;-13;-5;-15;-10;40;-11;23;-13;-25;-4;-14;-16;-10;-11;-54;37;-9;-24;0;4;-37;2;-48;-53;16;-31;-18;13;0;-2;14;-37;1;-7;2;-15;-8;-9;-1;-18;1;1;22;19;-9;-19;-10;-5;-7;-17;20;-5;14;-59;-12;-45;-21;-15;4;-81;5;-14;9;-6;-53;2;16;-1;-44;18;-7;-15;-21;-52;5;-12;20;22;-55;-46;-16;-1;14;18;6;-45;28;-39;6;4;-21;-5;-27;-3;-21;-14;5;19;-11;-17;-12;2;10;-23;-14;-18;-20;28;22;-42;-3;-24;-32;-19;-32;-7;18;3;10;-42;-52;-42;-47;24;-11;-6;-23;-2;13;9;-17;1;-34;-4;14;-10;-34;-10;-16;-9;-19;19;-48;-5;-23;1;-7;6;-13;14;17;-37;6;-69;-22;-16;2;-14;-17;-16;-7;-29;-28;12;44;-18;-30;1;13;-4;14;-17;-4;-20;6;16;-65;9;-36;-7;13;23;-21;-26;-9;-11;-37;-37;16;21;-15;-14;-15;-7;2;-3;-44;-12;-12;-18;0;-9;-31;-26;-12;-14;-23;-58;-2;-20;17;2;6;1;-49;-6;-8;-42;-2;-2;18;-4;-28;-16;-14;-25;-20;10;-13;9;4;-28;-3;-8;-14;16;-6;-3;-13;14;-32;-22;-12;-11;4;1;-2;-12;-99;-34;-34;-36;-11;-27;-34;-21;34;-18;-4;-15;-45;6;-18;-19;-24;12;11;-13;10;0;-31;-33;-2;8;10;20;-23;11;-37;-37;11;1;13;-25;-5;-15;15;-21;9;34;6;4;-1;-5;-5;10;-15;7;3;-46;19;21;16;-10;30;14;-9;-18;17;-51;-5;-46;8;-25;-18;-15;-9;8;3;-4;-5;-6;-16;14;-10;-21;-17;1;-17;23;6;-20;-6;15;-4;11;-18;-7;1;-3;-8;11;-59;-46;-23;-37;-23;15;5;-26;-35;-16;-5;-10;-30;5;26;-38;-2;-34;-15;5;-16;6;-5;-2;-9;14;-49;18;-36;-12;12;10;-18;-71;-28;4;19;1;22;18;16;-5;-38;-23;2;-11;-14;-18;18;3;-17;-16;-5;-23;1;-8;23;-32;23;15;-12;-21;-29;-14;19;-45;-16;-29;-2;20;5;13;4;-17;10;-3;1;6;-16;18;14;-14;-5;7;6;-9;12;-75;12;-15;-8;-6;-21;13;-16;-126;14;-38;-17;-12;-60;1;-24;16;-23;6;-43;-6;-19;12;-49;17;-16;-3;33;25;20;-11;10;11;35;27;2;16;20;14;8;-31;-65;-49;23;25;-8;16;0;-44;-22;-4;18;-36;-12;-1;6;-36;-17;-22;-26;2;11;-8;-22;-33;-7;-19;-31;22;-17;6;-5;0;12;-43;-13;16;-125;0;-15;1;-26;-21;-3;-3;-23;-17;-57;-21;8;-12;-49;2;-1;-22;7;-1;17;-5;18;-5;-9;17;-17;-26;-7;-9;0;-36;-2;5;17;-14;11;8;19;-37;-22;-1;-19;-6;-3;-38;-4;-17;17;-66;7;-14;18;-2;-33;-8;-39;14;-23;8;-24;1;-44;-30;-10;-9;15;-5;2;-13;1;-23;-4;17;-20;1;11;-19;-30;-14;27;-10;22;-22;-86;-20;2;-13;17;20;0;-36;-51;-27;12;-40;7;-21;4;-34;-5;-23;0;-15;-21;-13;-27;-6;9;-14;16;2;11;25;-20;-34;19;23;8;-13;5;-15;-15;12;-21;-23;-16;-42;40;-46;-16;-7;-20;9;20;-2;10;10;-16;6;12;-33;-5;-22;29;-31;22;-20;-40;-15;22;-9;11;3;-24;-24;-8;-42;0;-30;-11;-12;-15;-19;11;-5;-13;-22;-8;-9;-11;-15;-5;-56;-1;13;-5;-55;-17;-32;-11;21;19;9;-50;-8;-3;-38;0;-13;17;-22;0;-18;-26;-31;-23;23;-23;-10;-10;-21;32;21;6;-64;-30;-5;-23;8;-14;11;-40;11;-13;4;9;-11;7;29;-40;-18;-18;-29;7;17;-33;-5;6;-47;-4;-16;-34;11;-38;-1;15;-26;-18;7;-3;11;-20;-82;13;-6;-26;-1;-6;-18;16;-15;-5;-35;-31;-14;9;-2;8;-22;12;-16;-43;5;13;1;-49;16;17;-15;-4;-42;-53;-9;-25;-6;-28;-13;-11;3;14;-20;-32;5;36;-33;-20;-6;0;-6;-6;-10;6;-22;-12;-4;-22;-24;-5;-14;-21;1;-24;-14;23;-14;-14;-37;15;10;-16;11;-16;4;-15;38;14;-14;-20;-9;-17;2;18;0;-18;11;-12;28;10;-3;-41;-11;21;-35;-3;24;22;5;-19;-3;-53;-57;0;-26;-21;1;-25;9;-56;-3;20;-37;13;-23;11;1;-10;-12;5;10;-3;22;-39;13;-12;-6;22;-2;-21;16;-4;-2;-4;-6;-23;19;-6;-2;-22;0;3;-42;-45;-7;-13;-32;-8;0;11;-25;-1;-14;19;17;-20;14;-10;-18;-30;30;-13;-28;1;20;-11;-38;3;-9;-25;0;26;-18;-24;-35;-15;-13;-3;16;-13;-19;14;-11;2;-12;-8;1;-3;-13;-17;-9;-5;1;16;-56;-2;-7;-17;30;-3;-2;-6;-21;12;9;8;-35;-1;-3;-17;-3;-6;1;22;1;10;-11;-17;21;-27;-24;-10;-26;-11;-4;27;-29;2;-3;-64;-67;-19;19;11;1;2;-29;-73;-28;1;-27;13;4;14;-14;-2;-8;-18;-9;19;-14;-17;-21;-24;-5;1;-22;-19;3;2;12;10;-11;-19;-13;-18;-11;-13;21;2;-5;-56;19;5;-65;-31;-5;-21;6;38;1;15;3;-112;-23;-10;-32;-25;-1;-24;-24;8;-1;3;-29;-3;13;9;-3;-36;6;-65;-46;-11;-23;-12;14;-9;-1;-17;-39;0;-31;19;-6;-56;-19;-16;-13;3;9;13;-70;-19;17;-10;-22;-12;-8;-43;-18;4;29;-17;-36;-111;-32;-31;-31;-5;-18;19;-15;-30;-18;-10;16;-8;2;19;-2;-11;-19;-94;-22;-9;-21;-6;-76;-18;9;4;-3;-26;-13;4;-36;-13;-36;8;12;9;-14;19;-9;-9;13;14;13;6;15;-29;-21;-30;4;-16;-28;12;25;4;-3;-34;14;2;22;19;1;17;17;-46;-13;-1;-14;-3;17;-20;6;-34;-8;22;15;4;-11;4;-46;-18;-2;-11;-19;-22;6;-84;33;13;-7;-11;4;-24;-2;-42;-52;-22;-7;13;19;-20;-30;18;-51;15;-15;-12;-18;-5;-21;11;-70;-14;-7;-1;8;-8;-42;-5;6;-17;0;-11;-22;0;-72;-6;-22;-7;14;-43;5;16;-25;8;-18;-7;9;2;-24;-22;-10;-18;-21;-16;0;-16;3;-8;-18;3;-45;-23;9;-2;-8;-19;-25;21;-31;-23;-10;13;13;13;-8;-30;-45;13;-11;-16;-13;-15;12;4;-28;13;-14;-9;-11;-10;31;-22;-18;-27;16;-29;5;17;-6;23;-37;-84;31;-6;21;-20;-21;-32;-3;-12;7;-6;5;-62;5;-13;-7;-16;6;-17;-18;7;-6;-43;-27;-17;11;2;22;-11;7;2;-18;7;-13;-12;-10;5;-39;16;14;14;-27;-27;-16;-57;-25;9;2;-8;1;5;-18;-9;-49;19;7;-44;4;-20;11;2;6;17;-65;-51;-19;-32;-20;-17;-10;5;19;5;-5;23;13;-7;-1;-13;-20;-9;-21;-7;1;23;-18;-11;-48;-25;8;2;2;-34;-59;-3;-31;7;-13;4;6;-14;8;16;-8;5;-9;-13;5;-24;-1;11;-33;6;17;18;-35;10;38;-18;3;-43;10;2;4;21;-5;6;-7;-53;-7;36;-63;-27;16;8;-15;18;-9;-6;1;-32;-2;-22;-35;0;1;12;-13;-13;17;-44;-64;12;-7;5;-17;8;0;-55;-71;-23;-10;-13;-9;-6;-24;-19;-20;-13;-41;0;8;-29;-32;-30;-23;-1;8;14;-34;2;-17;7;15;47;-4;-15;-2;0;-41;22;-34;-30;-26;-3;-9;-12;-28;9;6;-2;9;-8;-18;-45;-18;13;8;-8;-39;-32;-8;-23;9;-62;-15;6;-10;-4;14;-22;-69;37;-13;3;3;20;-18;13;3;-11;-1;-14;-6;-15;20;-6;-8;-2;-5;-20;9;3;-2;15;-127;-14;10;8;21;16;-5;8;-5;2;-24;6;-36;-15;-36;16;1;-20;18;-31;-25;21;-2;-62;-1;15;-2;-13;-36;-68;-19;-3;19;14;-17;17;8;-19;21;1;-78;-29;-8;-3;-45;11;8;-24;-21;11;12;-3;-32;-10;7;4;-24;16;-45;-23;-4;3;-55;-13;44;-23;11;-4;-16;-3;10;-1;-19;16;-11;36;-81;-32;-61;4;17;-9;-8;-7;4;-25;-14;-67;4;-23;-15;-18;-8;-16;-13;17;-15;-11;6;-22;0;-23;-13;-19;-39;-52;-18;-19;-24;-4;-6;-15;-12;12;-16;-11;-6;-25;10;-12;-20;-21;-25;2;-10;3;36;-8;-77;20;17;-41;-13;-29;-22;-8;-64;16;0;-4;-36;-3;-11;-15;-32;-5;-10;-74;3;22;-2;-40;-21;18;-39;-9;32;10;-2;21;-2;28;-12;-15;-8;-14;7;23;-1;1;-49;12;6;-14;-8;-15;-22;2;-52;-10;-12;-9;-31;-46;-12;-16;-43;-7;14;-15;-12;-21;-25;10;-23;-68;-9;-37;20;-6;-41;7;-10;14;13;-92;2;15;-15;-8;18;-1;-10;-26;-2;-62;-6;17;-30;15;29;8;13;13;17;-6;-31;10;12;11;-4;-30;10;-58;-31;-12;-12;-23;-10;10;5;-18;4;8;-6;-7;12;-48;-8;-1;-10;-9;-18;-14;34;-17;-21;14;-7;-28;-2;-21;6;11;9;-12;21;-69;-18;-81;19;2;3;-18;1;16;8;-15;-2;-82;2;7;-40;-50;-9;-15;-2;9;21;-27;-5;-13;-10;-21;9;-18;17;6;11;7;-21;-18;-23;20;-40;-13;-6;-23;6;-3;-8;-7;-22;-12;15;6;-2;-12;-43;14;-52;-20;3;-29;11;-63;8;2;10;-23;22;-35;-20;-56;14;-21;-35;-4;22;9;-20;12;3;-61;8;-15;-40;-7;2;3;-40;13;4;-24;-29;-5;-28;-5;-21;18;13;-29;-19;-18;-59;-16;6;10;-7;-29;-18;22;-15;-16;6;-32;-15;-4;-11;-1;-16;13;32;-16;-50;9;-5;-18;23;-13;23;0;-7;17;-34;17;-8;-1;-11;7;2;-8;6;17;-12;-9;-1;-34;-20;17;-13;-24;-25;-27;-13;6;-1;-5;1;16;20;14;-13;-9;-3;-24;-28;17;-20;9;2;-15;-20;-11;-13;12;-20;-32;15;-10;-33;-11;-13;19;14;-12;4;7;-39;-4;-2;-29;-15;-30;13;-16;1;15;-17;-43;23;-35;17;0;-8;-19;-18;-17;6;-5;-2;-56;-21;8;6;-20;-21;-11;-9;15;-9;-46;-32;-23;11;18;-18;-32;10;-41;-37;-9;-41;8;-4;-23;-9;-1;-21;-13;-17;-35;3;-43;-27;-3;-14;12;11;-23;19;-20;4;0;3;-2;-13;-33;3;-23;17;-7;-85;-6;-37;27;-17;-7;-24;-9;7;33;-21;-17;17;-75;-23;-8;-38;-22;-17;-8;2;-9;-19;-13;-13;9;3;-19;-15;-9;-8;-44;-32;19;-24;12;-16;-16;4;-25;-22;4;-1;12;-6;-8;-7;-1;-16;7;-19;14;0;16;0;-4;17;-27;-11;-25;-19;11;16;-5;-31;-10;-19;-18;-6;-19;-16;13;-2;5;5;3;21;-11;13;-6;3;-29;-10;-22;-35;-13;2;-23;-59;-12;-13;-11;-23;-2;-20;-95;-3;10;-40;-5;4;6;-23;3;17;19;-19;13;-22;-42;-26;23;1;-21;-4;-4;15;2;-26;-8;-4;-19;-19;-14;22;-4;-34;-15;-4;13;-53;48;-55;17;8;8;14;-33;17;4;2;-31;20;0;-21;33;-35;31;-24;-16;-9;-2;-44;-22;2;17;-3;-39;-42;-29;-26;-2;11;-11;-15;9;-2;-26;-35;-14;-46;-10;-14;-31;-41;-12;-22;-28;2;3;-16;-1;2;-2;16;-12;4;35;19;-7;29;-16;-9;-34;-75;-45;9;10;19;12;-24;5;-7;-20;15;-62;-2;0;-36;-9;-28;-17;-4;-16;-3;-68;-14;13;6;-10;-5;-9;0;-28;10;-23;-23;-20;0;-5;-10;13;-4;11;-6;3;-22;-26;4;9;7;-13;-21;16;16;13;-42;-7;-22;-10;-12;-12;14;-9;-22;23;27;17;-41;-14;-41;12;12;7;7;-21;-2;2;-12;-18;5;-11;-16;4;31;-22;-17;-19;7;42;4;-19;-24;18;18;-4;-9;-96;-61;21;2;-5;-3;-12;-26;-6;-16;-1;-2;-18;-16;-36;-23;-2;2;0;2;7;0;12;-24;17;7;-55;-12;-31;-11;2;-7;-19;-24;8;-21;-49;-25;19;11;9;-12;-3;-20;-2;16;-27;12;-2;-10;-14;-39;-41;-16;12;-11;12;-9;-12;14;6;-7;-8;-12;-47;11;-4;7;1;22;-18;-8;3;-1;17;15;-12;12;-32;3;-15;-21;-15;5;-7;-14;-2;7;19;-4;-15;-6;-10;-5;17;-28;16;-32;10;-33;26;-31;16;-4;-25;10;-61;4;19;15;-9;15;22;-15;-15;24;27;5;2;-16;-32;-17;-11;-25;20;-13;-32;-55;38;-49;15;-39;7;5;2;-23;-25;-17;0;-22;-14;22;-22;-28;4;34;-8;-14;8;10;-11;-33;-15;-11;4;-1;-5;4;
35
199;-28;108;129;52;94;73;42;53;-34;-3;-47;16;-89;-72;139;-32;-46;-314;-26;-11;-36;54;-39;155;-78;-117;-83;-54;-10;111;-121;-165;-99;-208;
1
0.008066461;
0.56547934;
-128;
1.0509429;
82;